{"TourSize": 96, "DistanceMatrix": [[1.0, 1690.9320911648529, 2083.899488166621, 2397.2076200377733, 2632.0993197805897, 2709.128182640866, 2834.8798977296697, 2922.4290077947053, 3243.789117482002, 3535.932035777552, 3110.649230853893, 3774.0677918946694, 4074.8787012771536, 4019.9632762092806, 4148.683964256017, 4742.213734944628, 5642.927399562362, 5871.043107800802, 5884.240357558319, 5759.891301063087, 5901.658153844118, 6378.783222247275, 5932.043044198259, 5721.7239924125315, 5192.985370972351, 6611.004788458279, 6731.979606704174, 7137.135013902345, 882.7931531473807, 656.3478997691263, 759.4211102474419, 925.3802946529669, 2205.1038222397547, 1625.8861491392997, 1624.9867088933415, 1224.6102462694307, 1328.076139140604, 1691.294264747362, 2386.012920368346, 2565.9866921321545, 2754.925743062179, 2807.445946599071, 2937.283420394797, 2396.8547686455195, 2698.3810885326006, 3407.880890801494, 3912.432519020721, 4110.40541559488, 3019.7288219448983, 3442.5055494468425, 3637.682587045019, 3684.8204956763857, 3963.384699110824, 4687.90726132392, 3904.7854800244627, 4683.637173765248, 4686.974205066295, 4816.57110001716, 5475.134230905094, 5522.188312826416, 6080.193457989202, 6099.1051842122, 6290.530543422953, 6788.818200740298, 7616.747362758978, 7185.210668277892, 7210.435601771525, 7244.382306763429, 4738.144952260418, 5212.741510735228, 6255.275137816392, 6385.781917187212, 6525.817857887769, 6813.2615884964425, 6913.69817253979, 7190.068791322744, 7373.706462446936, 7494.857335740169, 3892.680184448215, 5849.890057946081, 5813.6472773135365, 5984.714438747072, 6138.238593791394, 6852.689401808738, 7103.941331255157, 7120.506162695498, 7154.13010101905, 7586.496258770586, 7586.404015887349, 7439.4066993711485, 6922.819695678463, 8368.885915840734, 8554.722084327064, 8483.12090127919, 9593.990693301152, 8880.80259217089], [1690.9320911648529, 1.0, 525.8101512349554, 760.517399091816, 969.7172440306416, 1049.5357524146505, 1198.2838131668784, 1250.9639239158012, 1624.3660291186973, 1926.4899416083247, 2110.5305397261436, 2205.548785989609, 2524.576472056852, 2525.612193080321, 2723.175309001594, 3367.4962136921313, 4304.02641846613, 4529.511558613855, 4575.258908902324, 4450.084493097902, 4753.035797550243, 5336.374496064804, 5045.596621943295, 4936.494623106658, 4445.185121032464, 5679.590114354301, 5986.185802113338, 6274.164631083589, 1115.6565750276186, 1511.132485942699, 1635.1853660366928, 1810.1132736871446, 1791.6830304422826, 1857.7958803675947, 2073.7875751785145, 2077.2695199106934, 2194.5955013977227, 2476.2612536175648, 2807.54144002894, 2794.780223132738, 2980.0749938253484, 2969.591228834414, 3023.7896854624596, 2270.5433407776263, 2385.0220983388426, 3009.543582833702, 3420.525022282195, 3570.9463208608854, 3077.4234646683003, 3359.1901316136946, 3846.9126071642354, 3683.294908031194, 3875.4273265279726, 4405.855454653695, 4021.3694303811108, 4775.005555798457, 4779.031226055399, 4703.073469994229, 5446.111191895658, 5246.343837962943, 5831.979711661335, 5793.369322737274, 5895.595148648547, 6355.62663346423, 6996.5926698240955, 6791.722511700081, 6884.783153557897, 6935.3183813171345, 5032.799676298056, 5551.416655809457, 6293.344165847103, 6441.56611037608, 6652.431908428144, 7058.661611568414, 7051.889873549293, 7201.967054148004, 7495.386315255148, 7811.569339853879, 4942.5345134220415, 7208.196846784864, 6433.458267236614, 6534.521155145875, 6817.447628566656, 7263.820353716907, 7495.379849415485, 7526.835464002863, 7662.793159491146, 8025.075358204229, 8159.402362325054, 8057.453794773542, 7672.960252618271, 8442.492546453857, 8457.371044294265, 8184.305000672243, 9403.628066847712, 8304.462694723701], [2083.899488166621, 525.8101512349554, 1.0, 784.8943246162374, 876.4764307090489, 948.2412499907972, 1123.1389566891141, 1085.48962237772, 1528.565689413349, 1821.6423281356522, 2391.747747614673, 2132.8721555996226, 2454.183488514637, 2505.5098440787874, 2745.836478125967, 3397.5612433156944, 4328.568056075332, 4547.39032544135, 4610.196249449033, 4487.405405321049, 4863.0488788533885, 5479.451069826217, 5253.698995819091, 5181.385492297153, 4713.40258033885, 5859.007764332553, 6223.919047241595, 6467.943476178639, 1621.7009008135956, 2001.84817913065, 2134.8585490514056, 2318.58923365322, 2252.484666892665, 2378.656903700041, 2597.786467045329, 2595.178151201696, 2713.8515276047096, 3000.3220189826957, 3322.761054105588, 3296.5430422622853, 3478.0177892170113, 3461.528394074486, 3506.161219125343, 2749.0062128582836, 2830.3703459534786, 3413.1797092319257, 3788.8973548875397, 3922.7586076538473, 3555.0684025287173, 3810.2071526352456, 4328.803647915611, 4139.726205286957, 4314.1222601557865, 4796.524557734878, 4488.724927811664, 5227.655466067404, 5231.732880926454, 5121.92133927097, 5869.587088072618, 5623.043290179462, 6205.860208912265, 6154.7580544103685, 6234.0282339538535, 6677.547398981084, 7257.566987574407, 7117.798674674756, 7226.511724980397, 7280.42358135628, 5510.814148648442, 6030.209054191225, 6718.980808394764, 6868.833086926187, 7089.997293716459, 7512.114617761628, 7487.812506866608, 7613.471502286849, 7924.5494213768125, 8270.52445763829, 5467.011476480046, 7720.057225315, 6937.067283881884, 7030.896988520053, 7324.665897554435, 7739.745599342386, 7967.213116038214, 8000.509630988751, 8148.823726676028, 8500.200348788941, 8650.64032588904, 8554.090667918661, 8183.162848667472, 8854.626597750035, 8834.242705775607, 8517.27996088468, 9749.935996807842, 8561.355307701284], [2397.2076200377733, 760.517399091816, 784.8943246162374, 1.0, 247.39850917854255, 317.62283834175093, 442.7379478322947, 537.6737408331843, 866.0350029023014, 1167.594441615195, 1648.4663294607906, 1447.3406926141301, 1767.5420849232814, 1780.421365913822, 1996.6693557522358, 2647.33213846449, 3583.5538311711425, 3806.2563600428844, 3860.687798345905, 3736.5390816792496, 4087.376642715636, 4698.236181631071, 4471.134672428996, 4405.25204590229, 3945.455452762689, 5075.154841496563, 5444.92513019145, 5684.130015304552, 1676.3139051912103, 2089.8752895412913, 2181.5880431420696, 2314.9316575468083, 1751.768774439268, 2114.297722305531, 2367.532016492876, 2517.758311172501, 2619.6651887142684, 2829.799478155202, 2970.283459199719, 2874.5698880098957, 3035.4236212559176, 2997.6047198957326, 3010.8137436944153, 2267.541147257346, 2267.0205877143057, 2765.037394955238, 3093.334247461529, 3210.071998636447, 3045.110360390373, 3232.5697423771244, 3815.2608955389005, 3567.4090450326844, 3705.328121200754, 4114.668165956954, 3935.234554848043, 4633.901696209066, 4638.03910371154, 4473.042948110026, 5221.526789723591, 4920.794358286609, 5497.96818484524, 5436.018455380046, 5497.503662336199, 5929.272341971507, 6482.900838693766, 6370.822065042319, 6489.171994625021, 6545.261486082425, 4971.393068181247, 5487.910809863214, 6068.744208425874, 6220.128478120216, 6455.820209525584, 6903.129747100164, 6848.912635505232, 6939.901386966487, 7273.336198686471, 7668.060484072327, 5233.549839344835, 7605.644868663885, 6468.8501775165505, 6533.939602359399, 6869.5769234697555, 7177.743762590446, 7394.034391970167, 7431.485125162028, 7611.297682099865, 7931.855739500912, 8125.814373114744, 8047.816346389364, 7736.761843069199, 8176.915636979347, 8119.776263550136, 7771.255415941434, 9009.72642439859, 7784.47634327302], [2632.0993197805897, 969.7172440306416, 876.4764307090489, 247.39850917854255, 1.0, 81.11701963937048, 249.14178559093588, 293.2597504459506, 670.1811622978682, 971.6380187378791, 1702.5761465959447, 1270.3162632535557, 1592.7557554870439, 1631.6868601922738, 1870.6694734706068, 2522.2386130848663, 3453.1820905647533, 3672.361005834872, 3734.722824650129, 3611.969751931666, 3998.0470895004323, 4623.836738714082, 4433.258444643238, 4389.173504933347, 3946.9695771369506, 5018.600545620471, 5419.09704599182, 5633.036127695035, 1922.2862671520509, 2335.921469970004, 2427.983693693833, 2560.593114382811, 1935.3148988851847, 2341.3834843270242, 2597.0624574098406, 2760.0114197775747, 2860.581738518277, 3063.5703139476627, 3176.4846624802426, 3066.1269544976863, 3220.5873412828496, 3177.280525799196, 3181.1793024846065, 2449.1167648015653, 2421.5020446472513, 2875.52910398008, 3171.9867026366915, 3275.1804473837246, 3210.609320614408, 3372.1736587842092, 3974.685989740997, 3706.9329963359355, 3828.4721425897224, 4196.534877061663, 4079.966165011325, 4759.219496490799, 4763.365890629909, 4572.563341082728, 5318.675091261722, 4985.721594351927, 5556.999605212991, 5486.869929346121, 5532.707571682952, 5951.514242043098, 6466.071829951732, 6393.5338493147365, 6521.310430979419, 6579.320495463472, 5116.807542960643, 5630.526994930657, 6162.170046814407, 6313.9645910178815, 6556.533458079726, 7014.724826122378, 6946.267314132386, 7017.975830142974, 7363.279780343152, 7780.821706839023, 5452.115718844267, 7836.307613718564, 6633.056180566617, 6689.112026348499, 7036.659901499801, 7308.390779591677, 7519.765838959569, 7558.791478611668, 7750.126102265328, 8058.32940359455, 8268.04575220464, 8196.517248634233, 7904.440543143793, 8249.906262080243, 8168.081947022857, 7792.432706782555, 9034.729440720621, 7760.938529643159], [2709.128182640866, 1049.5357524146505, 948.2412499907972, 317.62283834175093, 81.11701963937048, 1.0, 176.31949562480386, 221.81778954741614, 591.5433325604907, 892.4817888966452, 1681.802390301203, 1193.0249593361664, 1515.4379562125698, 1558.355518026119, 1801.2616893458212, 2452.295377640317, 3381.7289645908295, 3600.207264322855, 3663.951366217661, 3541.5012313443144, 3934.471286355416, 4563.278274512416, 4381.565536464846, 4343.199715573059, 3906.145090832126, 4962.025526923811, 5370.016694404313, 5577.536705345214, 1992.1779675034625, 2405.573621415638, 2495.3593649012914, 2624.828539611916, 1960.9798454964211, 2388.5746717839256, 2645.631568546506, 2819.0516818985884, 2918.1409095412528, 3114.8702172694425, 3211.058438249043, 3093.6025020916522, 3244.9536993654197, 3199.2236212727075, 3199.068118452579, 2472.853364291946, 2433.9538790970987, 2870.605135560956, 3155.6522233980295, 3254.2652089724256, 3226.407526683022, 3377.3881498784176, 3987.254003973548, 3711.7761248972024, 3827.004145105652, 4180.213470119208, 4086.525217255384, 4757.855537244436, 4762.0026803517385, 4562.0037930806775, 5306.829483476391, 4963.277132799516, 5532.350889238825, 5459.679525326583, 5500.695516636252, 5915.464403153045, 6418.9510965298805, 6357.438735189461, 6487.946298433207, 6546.507851890928, 5122.971690119082, 5635.328174292908, 6148.621444136596, 6300.491512153977, 6545.354452466355, 7007.2465511947075, 6933.7600989673865, 6998.882048439286, 7348.060382137577, 7773.497228301686, 5492.4753420827665, 7884.165270337367, 6646.299984075363, 6698.547036767533, 7051.005500606191, 7307.883977781966, 7517.323614116943, 7556.930359005895, 7752.63681051489, 8055.991125079387, 8271.737896111848, 8202.823303981908, 7918.785545323646, 8228.708358657968, 8139.051610307617, 7755.403949935324, 8998.44325452672, 7711.670403190875], [2834.8798977296697, 1198.2838131668784, 1123.1389566891141, 442.7379478322947, 249.14178559093588, 176.31949562480386, 1.0, 205.57317739579386, 428.0919535474117, 730.6525338997826, 1566.478593471123, 1023.674048945869, 1346.0272674997611, 1383.8793394290524, 1625.968824202823, 2276.975884248684, 3206.5790991437593, 3425.2536756571917, 3488.68802198198, 3366.2066825636975, 3760.999076400032, 4391.617853076087, 4217.749143543993, 4185.826172639346, 3755.4864995443927, 4793.437688584305, 5208.785883021963, 5409.8204909772585, 2089.355746790339, 2500.7083733735417, 2582.307799195122, 2701.0762852524276, 1938.4079584127817, 2416.534686289357, 2676.3712351525096, 2878.76931233536, 2973.2461212506346, 3151.7823943027047, 3204.8145712693504, 3070.891899408249, 3214.7803084737398, 3163.707186146266, 3154.6110513628378, 2443.4912569098155, 2380.0126501860695, 2780.316208534024, 3043.8936796404655, 3134.47076414053, 3177.361474881382, 3305.9544751804824, 3929.9648734836715, 3639.0179298980865, 3741.637027444331, 4067.207282942211, 4016.6848111932422, 4671.6134322198095, 4675.75803511513, 4458.82550745834, 5200.757955270315, 4839.360132686522, 5404.561317442709, 5327.932028382427, 5361.640155037781, 5770.473268863291, 6259.724971798358, 6212.247908975702, 6346.570358180611, 6405.907759625207, 5051.184796872846, 5560.3788791829, 6039.035338098238, 6190.955995473128, 6439.726252678292, 6908.030912716825, 6825.597797190046, 6879.45424218401, 7235.015729869814, 7674.194870815243, 5497.262577481435, 7906.817149996701, 6587.866767089297, 6632.193910188271, 6994.626924814316, 7221.515033171748, 7427.17586700293, 7467.859303572613, 7671.856125489675, 7965.777772744901, 8193.004386109398, 8129.294769994766, 7861.893438571552, 8105.376733223352, 8003.5450497371485, 7608.576074666214, 8852.357704167207, 7549.869372248645], [2922.4290077947053, 1250.9639239158012, 1085.48962237772, 537.6737408331843, 293.2597504459506, 221.81778954741614, 205.57317739579386, 1.0, 455.746284146144, 738.7215437083104, 1760.7060037161116, 1054.8638589970067, 1373.7602775037506, 1444.953988327538, 1707.9803005501662, 2352.460753349941, 3271.1057365873953, 3485.3156094658248, 3556.38792993833, 3435.760271310192, 3860.410953419952, 4500.768573996268, 4353.282687414526, 4334.937789633178, 3915.7815012024494, 4914.641915048204, 5349.408268119036, 5533.407634033887, 2212.7947401732213, 2626.251558264338, 2716.146414723873, 2844.89295126791, 2137.0769221400324, 2594.728967423395, 2853.1463735852194, 3036.271448034853, 3134.2364478622685, 3325.098967839128, 3399.076471837835, 3270.1802376011074, 3415.8724707405113, 3365.834735585053, 3358.0869237670813, 2644.1421617800033, 2584.2575694100374, 2981.880548241971, 3237.8992376507854, 3324.1269805904676, 3381.3307510378727, 3510.186689073401, 4134.482466498002, 3843.112058244357, 3943.9535320683585, 4260.011500536194, 4220.971483264892, 4873.579127666835, 4877.722524779244, 4655.843814111468, 5396.387735896595, 5025.357703236644, 5587.5229461526, 5507.763416714562, 5534.685535667372, 5936.7219800931325, 6403.824399171451, 6378.040920749559, 6516.70807880207, 6576.860544389965, 5255.256693440245, 5764.092870438976, 6232.867065568947, 6384.775542982464, 6635.256830369779, 7105.986706757288, 7019.922754703262, 7067.692744634755, 7426.838366876826, 7872.004787180555, 5687.7956984401535, 8089.179769727675, 6792.435900652961, 6836.587713071458, 7199.168560846865, 7423.143751979032, 7627.860364477582, 7668.817132212378, 7874.569609829618, 8166.3878643720855, 8396.027968141896, 8333.037445983533, 8066.450799277465, 8290.740845168317, 8179.0556481122585, 7771.737477273714, 9016.02103233383, 7687.896767913002], [3243.789117482002, 1624.3660291186973, 1528.565689413349, 866.0350029023014, 670.1811622978682, 591.5433325604907, 428.0919535474117, 455.746284146144, 1.0, 303.56063834885293, 1521.8387100657626, 605.3240657653147, 927.0381158713951, 990.2229721760115, 1256.5054886618398, 1898.5062232799305, 2816.422234946774, 3030.987892810152, 3101.6425728210443, 2981.033576661711, 3412.4972123307743, 4057.4827296377966, 3933.2018002973646, 3933.3464752043897, 3535.36564272919, 4479.5507272596005, 4933.892017498492, 5099.715088956162, 2470.4274033931288, 2876.7550419887843, 2947.199101122014, 3050.2347971421295, 2122.853465461343, 2690.120560432971, 2951.728646466839, 3201.4452373571803, 3287.743820490788, 3433.669243162943, 3402.274002774976, 3234.3146121211566, 3359.659969613327, 3296.878244947065, 3266.758627959346, 2601.655656746912, 2481.899376002281, 2777.8743014619695, 2972.341380612813, 3035.4543417170917, 3278.1037801533557, 3348.0259474502286, 4002.1875995784244, 3673.7926436595403, 3740.7837669444916, 3980.867383660959, 4055.6294037785924, 4660.688728380482, 4664.7980201368555, 4399.980852705074, 5128.47579370149, 4712.132138392045, 5261.315867226186, 5171.360998690168, 5178.647549928132, 5563.442703231752, 5991.485881579383, 6002.949328481556, 6151.294870637505, 6213.31867482656, 5077.466121102765, 5575.3097325420595, 5951.867088154799, 6103.292707456054, 6362.970696841531, 6848.576154677019, 6739.635042584753, 6757.982659588539, 7132.526530537168, 7611.745725087704, 5702.777025532174, 8141.492861785121, 6641.45818607303, 6665.060589280258, 7051.84436156392, 7197.773367633358, 7392.021391236758, 7435.611992612903, 7662.007379826865, 7928.5759391567135, 8186.984971573083, 8137.57960906642, 7914.652858312716, 7967.367142545598, 7824.662377788709, 7389.080671471878, 8632.865289999168, 7266.7902412564], [3535.932035777552, 1926.4899416083247, 1821.6423281356522, 1167.594441615195, 971.6380187378791, 892.4817888966452, 730.6525338997826, 738.7215437083104, 303.56063834885293, 1.0, 1560.6991336563876, 323.20220779287666, 636.7933720526819, 734.2521950507592, 1022.0588343361503, 1644.5052949822932, 2546.793913769819, 2757.2089782110666, 2833.920235906083, 2715.2635135655737, 3176.1691046072865, 3830.472434411073, 3745.971088568446, 3771.1623845085296, 3400.931686637155, 4267.130742766371, 4750.016423261999, 4888.397858030417, 2748.33070554465, 3150.666327454874, 3214.5046399874936, 3308.0331671265662, 2291.909475759405, 2905.3811848567507, 3166.061331811995, 3442.9045931272985, 3523.882167036015, 3649.0913995261594, 3564.5645144230903, 3376.004558332054, 3488.0960992373834, 3418.1725907907944, 3374.400327441185, 2746.977778859584, 2592.8026605746013, 2813.3787388783085, 2955.6880838346524, 2997.8412094692335, 3378.010929709786, 3407.330212395077, 4076.481931119791, 3724.9152113379737, 3766.3972294198575, 3943.2302685585346, 4106.534205376926, 4672.486660055266, 4676.545987947625, 4379.228898241272, 5093.7993540303005, 4639.774133217624, 5174.43274253202, 5075.107033204728, 5062.852823966742, 5428.29016003275, 5809.449088657717, 5864.599108242654, 6022.776870211697, 6086.569279396552, 5113.14474771707, 5600.5655159699045, 5902.706472535352, 6053.169010092761, 6319.685554115887, 6815.924271774289, 6688.385727936906, 6681.128916770402, 7068.109473871937, 7574.466029282108, 5859.103566093439, 8311.622743466261, 6689.611891807168, 6698.55663742464, 7101.137667547904, 7189.374277682652, 7374.874989207801, 7420.393012273892, 7661.976152357875, 7908.305404748806, 8188.078025540132, 8148.952220238157, 7958.110263765957, 7874.992563077684, 7703.275546616273, 7239.388805382929, 8480.371212184904, 7070.932372710057], [3110.649230853893, 2110.5305397261436, 2391.747747614673, 1648.4663294607906, 1702.5761465959447, 1681.802390301203, 1566.478593471123, 1760.7060037161116, 1521.8387100657626, 1560.6991336563876, 1.0, 1500.3123334301497, 1608.910557046474, 1410.815045298919, 1342.432974112368, 1762.458204705572, 2581.853277991373, 2805.489431002314, 2800.7809616126447, 2679.1957558363893, 2794.9525350169106, 3307.242561977808, 2951.500142349099, 2827.552195273248, 2337.0542205859488, 3603.7765751991114, 3877.4865403991316, 4183.172631189869, 2231.4069152009624, 2517.5569702979515, 2501.170229286472, 2491.615857293049, 1071.4590128845819, 1831.3468328222355, 2053.195697678025, 2478.304670429245, 2512.966149656391, 2497.7047157201223, 2181.295666389811, 1936.341955307185, 2010.7530839828546, 1926.8791231119837, 1858.1922729643982, 1355.9128420213422, 1108.4892060398975, 1258.98177270618, 1478.4783829450057, 1573.7622849722436, 1849.754247235412, 1847.8639965719374, 2520.4577921616165, 2165.653803239118, 2220.287840385141, 2501.828556275213, 2547.492449060284, 3140.2726809371193, 3144.387352105024, 2897.605737023775, 3636.7686262987136, 3284.1815025116875, 3856.6719510844746, 3790.374317325967, 3850.644820911053, 4287.636977749446, 4888.691801107798, 4728.423824668621, 4842.712382508415, 4898.349543628246, 3560.623233073537, 4055.42592886877, 4473.649452562292, 4625.568971549049, 4875.582806756733, 5348.700230938965, 5260.429866073392, 5318.085214112947, 5669.849884596664, 6114.297778593118, 4407.49029620596, 6872.462418243183, 5132.278506207844, 5148.008665214127, 5543.5810426500375, 5681.412112588696, 5879.771663546481, 5922.250970011121, 6142.6636066655465, 6417.512227000693, 6667.2225842979215, 6616.744588573409, 6402.884650934651, 6548.544242695495, 6473.845616346204, 6128.575035629299, 7364.640431605634, 6196.366053572178], [3774.0677918946694, 2205.548785989609, 2132.8721555996226, 1447.3406926141301, 1270.3162632535557, 1193.0249593361664, 1023.674048945869, 1054.8638589970067, 605.3240657653147, 323.20220779287666, 1500.3123334301497, 1.0, 323.4403585114723, 418.4974318158894, 715.3764674794581, 1324.6439665707994, 2224.6470052813556, 2435.4975182887715, 2511.724207745148, 2393.07785454189, 2860.222797961441, 3517.561057981003, 3453.702707144064, 3495.0254699684106, 3146.35733906507, 3960.3312671401527, 4458.03298616442, 4581.562736310474, 2959.0763904021837, 3351.823264681756, 3403.6315975154603, 3480.802404209432, 2355.5682735497107, 3019.2129077243562, 3276.292494963972, 3589.541368650421, 3662.150930694639, 3757.2426488018837, 3604.923967063917, 3393.3165369941103, 3488.939935637612, 3411.4326734982546, 3352.5940910451573, 2775.50852815708, 2584.105704603185, 2720.1613897535804, 2808.315012031976, 2829.9070669814355, 3347.5255112292957, 3332.5206321661635, 4012.387437718864, 3638.8048816892724, 3653.7333368569484, 3768.15485469272, 4017.476790544618, 4540.602214237221, 4544.592542558081, 4217.517005612392, 4916.106857516219, 4430.528331914679, 4951.242996321644, 4844.581922647938, 4816.996326759519, 5167.253508833343, 5517.271720109359, 5600.511740456104, 5765.438294911126, 5830.403658619711, 5003.044339252945, 5478.014991507629, 5709.4650180621875, 5858.671469151527, 6130.482976987592, 6634.914649043852, 6491.319686654896, 6462.503076353608, 6858.996374907496, 7387.621561375819, 5879.997881014601, 8342.68036259068, 6586.506659546772, 6580.580576352025, 6997.993001853716, 7029.584312876255, 7206.561168133338, 7253.739915656096, 7508.878216135158, 7735.945422839327, 8034.830796223419, 8005.547012782588, 7846.74945761209, 7641.801810254664, 7448.5682885790675, 6965.727705224458, 8203.64609744226, 6770.20336476412], [4074.8787012771536, 2524.576472056852, 2454.183488514637, 1767.5420849232814, 1592.7557554870439, 1515.4379562125698, 1346.0272674997611, 1373.7602775037506, 927.0381158713951, 636.7933720526819, 1608.910557046474, 323.4403585114723, 1.0, 237.0243923599872, 514.3588352318217, 1046.5005916943137, 1920.2080787624734, 2126.698252614907, 2208.4494208655465, 2092.025792375103, 2588.433450886816, 3252.5177964860773, 3232.4480187730346, 3301.622117786916, 2989.0875530121684, 3708.641206830229, 4234.003349476784, 4328.558572190103, 3247.265866397783, 3633.3154150854234, 3677.7435595476336, 3744.333988697423, 2549.696675930444, 3244.5918017903527, 3497.33165562831, 3835.0962479734835, 3901.510281885426, 3974.0403078897875, 3768.1485205321205, 3538.2522807591786, 3618.4534041089955, 3534.7158072324105, 3462.5079833590253, 2936.0148484500473, 2714.609091040824, 2766.9668533326, 2794.546527119109, 2791.6414340176384, 3449.339515934658, 3391.0884423442953, 4076.157186686305, 3683.041803851372, 3669.802449666501, 3712.2221428435114, 4055.7480825690454, 4529.530815314354, 4533.421829759055, 4174.398319589661, 4850.306656587816, 4328.026857682011, 4828.25937142924, 4712.259337572819, 4663.698979677073, 4990.938790826602, 5290.611672840536, 5418.503528954113, 5592.879737600572, 5659.366610768032, 5013.2838081807095, 5472.605526472206, 5621.602526642289, 5768.748720496328, 6046.101868014243, 6558.784777986381, 6396.240157956755, 6340.499718500771, 6747.97226870561, 7302.4281962559035, 6015.25623356381, 8480.302412868326, 6597.821356987424, 6575.994467306042, 7007.932324266143, 6977.047386230875, 7143.683523943736, 7192.6547110807705, 7462.6002646274455, 7666.935171431689, 7986.972734794056, 7968.816642551364, 7845.442716084899, 7498.09167016774, 7276.111133559666, 6766.547988720509, 7997.931498195531, 6526.345153167575], [4019.9632762092806, 2525.612193080321, 2505.5098440787874, 1780.421365913822, 1631.6868601922738, 1558.355518026119, 1383.8793394290524, 1444.953988327538, 990.2229721760115, 734.2521950507592, 1410.815045298919, 418.4974318158894, 237.0243923599872, 1.0, 303.65893828509564, 912.4215715470317, 1827.7707446917682, 2043.9804682423437, 2112.5221073263924, 1991.8106050035735, 2443.567457529314, 3100.1243348003472, 3044.2304490643114, 3097.805180555647, 2770.254832845187, 3543.519767137033, 4048.068343217127, 4164.683926596387, 3173.951938713119, 3548.869050639413, 3583.5191048968686, 3637.4441089575475, 2389.4284109239916, 3103.6272994911487, 3351.896642623464, 3709.53363563382, 3770.042802762759, 3823.7850840864608, 3584.3270747649867, 3345.7974533082343, 3418.7957421160804, 3332.6261483149724, 3255.2931159752834, 2753.497794718962, 2518.253680525452, 2542.123247218421, 2560.0083648858918, 2555.7409261775797, 3239.1776938984444, 3167.972738461845, 3853.4590763284123, 3456.26598170554, 3438.0693585447416, 3476.399069088274, 3827.4263039044163, 4294.5407921248025, 4298.423978868229, 3938.3770479894574, 4615.129441834255, 4096.8098065620015, 4601.150322015602, 4487.310259038166, 4444.710748014526, 4780.465676579754, 5106.737696344887, 5210.589149249383, 5381.1376060160455, 5447.055234582036, 4780.145736394043, 5237.8399876260955, 5388.669875721023, 5536.112336879457, 5812.83093965261, 6324.708233573272, 6164.453087601634, 6113.6569803402035, 6518.958271284525, 7069.466330706584, 5814.4773094907, 8278.57060933853, 6364.390563278191, 6341.116726060034, 6774.273425045597, 6741.377586901958, 6908.584867854509, 6957.44451520517, 7226.73929266693, 7432.350035139152, 7751.182044587191, 7732.802534683387, 7610.649399308156, 7277.1078963465, 7064.838360749207, 6567.0872013956605, 7802.1595765905195, 6355.127481763972], [4148.683964256017, 2723.175309001594, 2745.836478125967, 1996.6693557522358, 1870.6694734706068, 1801.2616893458212, 1625.968824202823, 1707.9803005501662, 1256.5054886618398, 1022.0588343361503, 1342.432974112368, 715.3764674794581, 514.3588352318217, 303.65893828509564, 1.0, 652.9483684761846, 1587.9397602679785, 1810.770202449313, 1866.5519622604697, 1743.1382634413058, 2158.830907045255, 2809.926946995793, 2741.9634087853387, 2796.0712093333104, 2475.849724497957, 3247.166742288415, 3745.960969329095, 3868.460578762872, 3285.3585162793247, 3643.518388137496, 3664.993517807207, 3701.1018264362847, 2379.861278209994, 3119.6039406660975, 3358.6322229608336, 3745.4060004670346, 3796.4784575269173, 3819.459869031527, 3519.115441072653, 3263.616650662812, 3319.7495258175095, 3228.254399710069, 3138.551947744481, 2697.0437245269422, 2433.817674443156, 2376.2128582381074, 2344.3676263877196, 2322.4987607474723, 3114.7672037127845, 3004.729061103468, 3688.9425566187447, 3278.2789785153786, 3237.757009783157, 3226.7038884488206, 3641.967229370653, 4070.3514142824856, 4074.153215822504, 3694.8000230874322, 4356.836412226072, 3821.311301625288, 4316.692189760286, 4199.57369875182, 4150.506943690751, 4481.0184283586905, 4804.818448999429, 4910.184927975148, 5082.304350555873, 5148.503567680483, 4568.991654656724, 5014.486600988465, 5118.217211654991, 5264.556055417629, 5543.545558495671, 6058.809946419163, 5890.035785692396, 5828.614203852815, 6237.774952754391, 6798.700415856192, 5704.439213112482, 8161.914122326408, 6149.564942039703, 6115.737937117857, 6557.633052375311, 6486.984561003893, 6648.627443382283, 6698.346455661795, 6975.129706279032, 7168.844868513723, 7498.1312594090705, 7485.84134999925, 7385.083182227883, 6984.742423505294, 6765.867739487777, 6264.826652782892, 7499.59053649779, 6055.828886304402], [4742.213734944628, 3367.4962136921313, 3397.5612433156944, 2647.33213846449, 2522.2386130848663, 2452.295377640317, 2276.975884248684, 2352.460753349941, 1898.5062232799305, 1644.5052949822932, 1762.458204705572, 1324.6439665707994, 1046.5005916943137, 912.4215715470317, 652.9483684761846, 1.0, 938.0242216622567, 1163.0182171647125, 1214.7373944761903, 1091.1949028060233, 1542.947955487565, 2207.6018915078866, 2231.0157210668262, 2349.271896627574, 2127.8688466626854, 2669.577744038526, 3221.3001323333638, 3287.802708037451, 3867.7952101370556, 4206.295738514714, 4213.171601639177, 4228.092089727745, 2832.914860957758, 3592.117636924464, 3814.087209193631, 4236.3657103309115, 4273.918389294667, 4251.530526335184, 3853.9843232320814, 3572.3535980563834, 3594.0728650649708, 3494.0472149789407, 3380.9781360074167, 3067.296947069312, 2763.2399168794936, 2534.1291186230505, 2365.2379124726667, 2285.9013926768957, 3341.3855389908153, 3144.3300431369635, 3806.7361349177136, 3371.6576746943006, 3270.2086311655726, 3094.1112953639868, 3705.763876231645, 4009.17157275924, 4012.6335999948524, 3573.949561668182, 4166.397678883754, 3561.8043959471465, 4001.2759777274264, 3865.7330849659384, 3771.6604314030806, 4049.2207091436117, 4270.907993644274, 4463.063779927789, 4652.9583888420875, 4721.705637994543, 4540.264843998039, 4940.794360057533, 4865.190220043166, 5004.890796111495, 5291.474388205666, 5816.935230187994, 5611.126971541627, 5495.1480735816795, 5922.405686642304, 6529.680105994535, 5917.844583175762, 8338.949461043227, 6089.4831803318975, 6022.640949500756, 6487.951063779269, 6288.259937082523, 6426.6262886170025, 6479.408213597606, 6783.0783036564735, 6928.479390261358, 7296.761199721521, 7307.112626573226, 7280.056290475989, 6598.567035787733, 6326.112735197565, 5777.248780207682, 6996.418043200431, 5489.269440787952], [5642.927399562362, 4304.02641846613, 4328.568056075332, 3583.5538311711425, 3453.1820905647533, 3381.7289645908295, 3206.5790991437593, 3271.1057365873953, 2816.422234946774, 2546.793913769819, 2581.853277991373, 2224.6470052813556, 1920.2080787624734, 1827.7707446917682, 1587.9397602679785, 938.0242216622567, 1.0, 229.56931737158226, 289.69297034337166, 182.97081013122764, 845.9971442032996, 1485.3641166751693, 1758.1686169415693, 2006.946965431887, 2011.2147543842425, 1989.8013496644674, 2640.0114320762864, 2573.708873726304, 4763.120778255427, 5083.093538710864, 5077.001930031003, 5072.467809621113, 3634.4537997363764, 4394.368444406865, 4596.265369154356, 5046.489246643224, 5070.348754353156, 5002.724937241478, 4512.458859913975, 4211.765641381263, 4195.573372468545, 4090.0496169444036, 3956.0614611233946, 3786.5165779958747, 3455.6963853529005, 3066.7979810565407, 2757.474293928337, 2616.288821262047, 3900.7742197480393, 3615.02636140373, 4216.9771219978475, 3773.9019067551326, 3602.287363199482, 3214.6042901651763, 4053.0689896796166, 4173.890893936539, 4176.704582896215, 3677.9055120008225, 4134.1851018974385, 3454.4061864922355, 3777.156962935568, 3617.212644757785, 3449.289521869887, 3617.5617142960073, 3632.6799762195233, 3987.895038518968, 4204.155874262134, 4275.345319598436, 4726.393568891457, 5048.306606442801, 4706.051174493699, 4830.240991235747, 5119.252173660381, 5644.974718742204, 5386.768135374736, 5185.921831056081, 5631.248565836541, 6297.280973291184, 6382.468626983212, 8710.912317636992, 6180.769180741075, 6068.190064769987, 6555.154170412203, 6169.980193228245, 6269.395093257809, 6325.572507027367, 6662.832202917499, 6731.416492795979, 7151.035314112319, 7195.165032931135, 7277.550613625835, 6176.7362144072795, 5819.303775284578, 5196.149972050915, 6369.3433416049265, 4762.806990615128], [5871.043107800802, 4529.511558613855, 4547.39032544135, 3806.2563600428844, 3672.361005834872, 3600.207264322855, 3425.2536756571917, 3485.3156094658248, 3030.987892810152, 2757.2089782110666, 2805.489431002314, 2435.4975182887715, 2126.698252614907, 2043.9804682423437, 1810.770202449313, 1163.0182171647125, 229.56931737158226, 1.0, 147.68938600722092, 169.68562684928335, 802.7366434071079, 1388.9877442780198, 1745.234869482762, 2025.3796751372406, 2088.704059482773, 1896.9607555286616, 2570.528432786748, 2458.378309063364, 4991.043018938149, 5309.631928431825, 5302.373130195766, 5295.839215157562, 3854.4201256075253, 4613.404469688532, 4812.521518596811, 5265.843238929057, 5287.92759261156, 5214.178510391218, 4710.9336860151225, 4408.130144697127, 4385.939837761133, 4279.92089815646, 4143.07665257631, 3995.8684566512275, 3662.4009984092972, 3252.0449960716464, 2922.657259969085, 2772.5349488187685, 4085.4590366680127, 3786.268485776993, 4373.688245452653, 3931.8586875526375, 3748.3849942571183, 3321.975699975614, 4198.800407201224, 4281.5495009013985, 4284.202991628361, 3776.6907418086694, 4197.8991537341935, 3506.9275484746618, 3796.902289473139, 3632.2790791294274, 3446.4950847375535, 3582.300524083684, 3533.8597346741726, 3936.6888362577665, 4158.915911750245, 4230.278709440123, 4834.8901165390835, 5137.620585187105, 4734.5148711337, 4853.963732862548, 5141.7260397330965, 5664.507560717244, 5394.44171489444, 5172.637025782858, 5620.278523610948, 6298.291242210235, 6541.136802100306, 8844.42836313028, 6260.66559085899, 6138.0635677072, 6627.897480497937, 6200.210788500992, 6289.514892846435, 6346.279720553285, 6690.360348311026, 6739.502581142778, 7170.251007098497, 7222.545707508147, 7331.053142215051, 6128.123614523262, 5748.413402912939, 5106.224051522456, 6261.234088063744, 4628.710684372849], [5884.240357558319, 4575.258908902324, 4610.196249449033, 3860.687798345905, 3734.722824650129, 3663.951366217661, 3488.68802198198, 3556.38792993833, 3101.6425728210443, 2833.920235906083, 2800.7809616126447, 2511.724207745148, 2208.4494208655465, 2112.5221073263924, 1866.5519622604697, 1214.7373944761903, 289.69297034337166, 147.68938600722092, 1.0, 126.66375214552525, 656.787655143638, 1246.2209617382628, 1600.353529626718, 1884.7719886034488, 1964.251351541102, 1754.1590525574545, 2425.0605324407006, 2320.979777087927, 5002.93501641659, 5312.974858193545, 5300.805942993978, 5287.614204403135, 3838.6194283032155, 4594.759331881746, 4788.018898848546, 5247.392545623577, 5265.677131585569, 5180.896002864439, 4660.1395760329615, 4355.161248306748, 4326.412389550156, 4219.994915596726, 4080.4063522237698, 3960.4495021858584, 3623.5329675596827, 3188.966332766781, 2842.9708913882105, 2686.6281180174724, 4020.5752899897134, 3709.8586987023414, 4285.579088102816, 3845.1347333531235, 3653.9378419183063, 3207.2766442092884, 4103.582926977715, 4165.942498234045, 4168.521949893252, 3657.7150413510044, 4066.1356153978268, 3372.4891665555424, 3655.176156791617, 3489.8580141362695, 3301.7823492910366, 3435.6323407651394, 3393.0032374121633, 3790.253762678498, 4012.3078967241804, 4083.669384604288, 4719.231836849947, 5013.881915239887, 4594.012181715461, 4712.569720326898, 5000.044419593138, 5522.232177448812, 5250.531980902585, 5026.732482341747, 5474.497192939575, 6153.4990508318615, 6452.7822683639315, 8739.291439032886, 6133.0587858968665, 6007.269562812091, 6497.829293563517, 6059.672170116506, 6147.219561174272, 6204.067882105208, 6549.236595343342, 6595.4607654637075, 7027.682196871403, 7081.3068301364065, 7195.3593050605705, 5981.690339563773, 5603.595403923826, 4964.013837728357, 6123.007084020474, 4498.143356247098], [5759.891301063087, 4450.084493097902, 4487.405405321049, 3736.5390816792496, 3611.969751931666, 3541.5012313443144, 3366.2066825636975, 3435.760271310192, 2981.033576661711, 2715.2635135655737, 2679.1957558363893, 2393.07785454189, 2092.025792375103, 1991.8106050035735, 1743.1382634413058, 1091.1949028060233, 182.97081013122764, 169.68562684928335, 126.66375214552525, 1.0, 684.650677939463, 1309.7129551169514, 1614.9662952740698, 1881.672914470129, 1926.5805079804104, 1815.7794285507018, 2473.7481682872026, 2395.155408917191, 4878.707069154091, 5190.101123180592, 5178.890556159031, 5167.221666149679, 3720.0900309342655, 4477.192992501824, 4672.389703961016, 5129.840818567152, 5149.342069572327, 5068.5748769291695, 4555.737846329994, 4251.855893857373, 4226.744749148176, 4120.544373245195, 3982.565958944738, 3848.82254208854, 3513.3016755170174, 3091.216603617025, 2756.4906183100347, 2605.0602680104057, 3924.0848821813674, 3621.0752201683713, 4205.99446335852, 3764.3631755461483, 3579.9146145542563, 3155.2236519088433, 4030.2880180164407, 4114.939010021803, 4117.614044624866, 3611.2895542121, 4040.4005594321575, 3352.441281474414, 3654.2120347066184, 3491.41029769667, 3313.336007600757, 3465.6382930058785, 3458.152419285431, 3829.3248728084254, 4048.1493701550658, 4119.4406827884895, 4668.244640800714, 4974.2075222894655, 4588.7998215780135, 4710.113402811774, 4998.45507833573, 5522.554018502189, 5257.384830920922, 5045.199256676141, 5491.842206392148, 6164.417732762238, 6373.493749589737, 8675.866953208742, 6099.471837101717, 5979.342585634704, 6468.508309858728, 6054.217187188162, 6147.473135484452, 6204.0145332482, 6545.49365184305, 6602.589774204511, 7028.753766674963, 7077.837124310511, 7177.253389156908, 6019.895869857716, 5653.838430435086, 5024.454639989193, 6193.14445854104, 4581.978109451311], [5901.658153844118, 4753.035797550243, 4863.0488788533885, 4087.376642715636, 3998.0470895004323, 3934.471286355416, 3760.999076400032, 3860.410953419952, 3412.4972123307743, 3176.1691046072865, 2794.9525350169106, 2860.222797961441, 2588.433450886816, 2443.567457529314, 2158.830907045255, 1542.947955487565, 845.9971442032996, 802.7366434071079, 656.787655143638, 684.650677939463, 1.0, 671.1585390462476, 946.1064026981836, 1246.4804640188697, 1408.383012180786, 1159.9400292333733, 1795.3496073857398, 1764.0794058565073, 5024.570473238248, 5292.644087192199, 5258.704683690025, 5215.949260861054, 3755.2695560875395, 4485.6393618364245, 4649.917464931747, 5130.5421133199925, 5131.6395024063495, 4998.553812681415, 4405.654544196069, 4095.009172598249, 4036.9656337131114, 3930.2594925275585, 3780.2654712519798, 3786.239048353024, 3440.3467399805318, 2904.171863038305, 2488.5673484198073, 2306.5676789480963, 3711.2525435161288, 3352.54820801723, 3867.049200063807, 3438.246536141933, 3214.0107257608215, 2678.6951437121857, 3654.771316808748, 3625.1108021328823, 3627.3476964058195, 3105.374149700945, 3456.59326824947, 2754.132825604928, 3008.680293015645, 2841.28786055424, 2647.2760144898643, 2783.3401104757877, 2799.385964206662, 3145.7779183808507, 3364.5548736414844, 3435.854579565335, 4175.0873440214855, 4434.431553298508, 3950.8039214909268, 4066.454238325366, 4352.922377505458, 4873.216481247958, 4597.426492550972, 4370.96019728763, 4818.710133173047, 5498.637783652698, 6017.109184230857, 8225.082498883961, 5535.410639018662, 5397.5613114999815, 5890.165122134907, 5415.585242345786, 5497.990561833537, 5555.053338981223, 5903.218671893275, 5941.939167070363, 6377.556245632904, 6434.803872708091, 6566.591698507197, 5336.246425616045, 4974.314189513804, 4355.571779087116, 5539.077670268396, 3967.3846485797303], [6378.783222247275, 5336.374496064804, 5479.451069826217, 4698.236181631071, 4623.836738714082, 4563.278274512416, 4391.617853076087, 4500.768573996268, 4057.4827296377966, 3830.472434411073, 3307.242561977808, 3517.561057981003, 3252.5177964860773, 3100.1243348003472, 2809.926946995793, 2207.6018915078866, 1485.3641166751693, 1388.9877442780198, 1246.2209617382628, 1309.7129551169514, 671.1585390462476, 1.0, 670.7069937783373, 1037.1620187865851, 1432.136640338416, 508.9885888309809, 1195.3809792090988, 1095.558029061796, 5514.042975096685, 5749.499537785911, 5699.891392815454, 5635.008027390101, 4190.296460681093, 4886.119575674947, 5023.40467819832, 5514.216696025375, 5500.741875329463, 5326.921422577322, 4675.746544685465, 4366.430674387331, 4279.32258249434, 4175.060667382523, 4017.9889078874817, 4146.483224584647, 3801.995397559723, 3188.2988080022997, 2717.2257569094345, 2515.848425834365, 3940.954430973921, 3538.8830988260142, 3959.0999462867494, 3559.2867156726124, 3297.83387165417, 2642.4564899947873, 3710.55076862066, 3529.2127132454543, 3530.7277262222756, 3003.9005590589886, 3208.266528616126, 2501.169522858999, 2631.8810084677166, 2455.8502963395918, 2212.850448389465, 2253.911831912016, 2149.5845730939436, 2575.2544141497106, 2805.232168169386, 2876.37692492059, 4058.814131987221, 4240.086116734312, 3573.6460205065955, 3672.938187863208, 3950.4078717998423, 4454.54