{"TourSize": 76, "DistanceMatrix": [[0.0, 1118.033988749895, 3621.118611699981, 3891.336531321854, 5205.849882584015, 4884.327282236521, 4650.0, 4975.188438642299, 6247.599539022968, 6408.002808988148, 8009.313890714984, 7803.1511583462225, 8500.0, 8664.438816218855, 9414.483522743029, 9521.685775113565, 9030.64228059112, 9408.108205160057, 6180.008090609591, 5561.025085359713, 3832.75357934736, 3050.0, 1931.3207915827966, 4750.0, 4366.062299143246, 6791.538853603062, 7403.039916142558, 8290.921118910734, 7409.632447024616, 6647.1798531407285, 6524.185772952821, 8487.932610477064, 8984.70923291344, 10286.233956118245, 9587.787440280474, 9737.171047075224, 9637.68644437035, 11029.279214889793, 11415.99754730177, 11536.463929644993, 12092.352955483891, 9793.109822727405, 9080.886520599186, 8508.965859609498, 7800.0, 6587.29838401146, 9500.0, 9055.385138137417, 11147.309092332553, 11814.926999351286, 12470.079109612738, 11448.740236375354, 10576.979720128047, 10271.440989461995, 12254.896980391144, 12865.166147391956, 13877.647819425309, 12964.843539356732, 12747.548783981962, 12482.888287571912, 14134.443745687342, 14666.714015075087, 15157.588858390374, 15781.71410208663, 14097.606179773926, 13383.758814324174, 13237.82459469833, 12550.0, 11321.660655575224, 16269.296235547497, 17936.833611315014, 18830.825791770258, 18985.520798756086, 10467.568963231148, 3605.5512754639894, 3716.1808352124094], [1118.033988749895, 0.0, 2926.174977679906, 3360.4315199093107, 4555.532131376092, 4049.154603123966, 3684.0874039577293, 3950.0, 5392.8192997726155, 5640.257086339238, 7204.381236442169, 6893.995068173461, 7516.648189186454, 7650.0, 8501.911549763383, 8660.975695613053, 8297.740656347365, 8727.112924673314, 5765.630928181235, 5091.659847240387, 4200.0, 3688.156721182005, 2860.0699292150184, 5344.389581607988, 4750.0, 6806.247130394253, 7463.578230312857, 8193.983951656239, 7224.379073664393, 6394.137940332535, 6177.782773778955, 8175.879157619687, 8730.692985095742, 9915.170649060963, 9127.63211353306, 9154.916711800277, 9004.720984017216, 10490.233553167442, 10928.174595969813, 11186.59912573969, 11773.911839316617, 9782.893232576957, 9067.110895980042, 8950.0, 8360.023923410747, 7252.068670386402, 10049.875621120891, 9500.0, 11367.16763314415, 12051.659636747132, 12595.827602821499, 11537.445687846162, 10645.304129051457, 10288.46441409018, 12236.52319901368, 12874.87864020473, 13778.35654205537, 12815.036792768096, 12500.0, 12197.233292841454, 13890.014398840629, 14455.535271998751, 15051.661037905418, 15691.159931630293, 14258.06789154828, 13550.830232867653, 13700.0, 13088.258096477162, 11921.828718783037, 16886.088949191282, 17993.88785115657, 18784.30195668713, 18923.53032602532, 9360.55553906925, 3640.0549446402592, 3828.8379438153293], [3621.118611699981, 2926.174977679906, 0.0, 700.0, 1629.4394741750918, 1367.7547294745502, 1627.8820596099706, 2193.171219946131, 2700.0, 2789.2651361962708, 4398.171097172096, 4307.025423653778, 5168.413683133346, 5440.588203494177, 5900.0, 5941.3803110051795, 5413.409276971399, 5813.776741499453, 3001.6662039607268, 2289.6506283710623, 3572.46413557925, 3962.953444086872, 4208.622102303793, 5022.449601539073, 3990.613987846983, 4750.0, 5450.0, 5817.52292646965, 4739.910653166366, 3842.199890687625, 3488.911004883902, 5463.744137493995, 6082.1460028512965, 7109.951406303703, 6255.954603415853, 6230.971031869752, 6079.679267856159, 7574.46367738337, 8031.96738041185, 8390.0238378684, 9003.471552684554, 7501.499850029993, 6806.614430096654, 7747.58026741253, 7536.079882803791, 6850.182479321263, 9080.886520599186, 8271.184921158516, 9500.0, 10200.0, 10495.573971917876, 9390.833456088974, 8485.28137423857, 8041.14419718985, 9876.23410010111, 10551.303237041384, 11264.275786751672, 10239.554091853804, 9801.147891956329, 9457.801012920498, 11183.022847155415, 11783.462988442743, 12514.191943549531, 13170.041761513135, 12192.620719107112, 11512.710367241938, 12345.545755453664, 11958.46980177648, 11011.925353906101, 15890.64190018767, 15686.69818668033, 16304.370579694269, 16419.88124195787, 7864.636037350998, 6470.8963830368975, 6689.730936293327], [3891.336531321854, 3360.4315199093107, 700.0, 0.0, 1368.8948096913803, 1628.0519033495216, 2163.3307652783938, 2745.906043549196, 2789.2651361962708, 2700.0, 4308.121284272299, 4396.779275788131, 5361.203223158025, 5685.9475903318, 5941.3803110051795, 5900.0, 5202.403290787825, 5536.244214266563, 2420.7436873820407, 1732.7723451163456, 3100.403199585499, 3669.4686263817543, 4150.0, 4539.273069556402, 3464.8232278140827, 4050.0, 4750.0, 5139.296936352287, 4073.8867190927144, 3184.7291878588358, 2872.716484444645, 4867.494221876385, 5463.744137493995, 6566.384773983322, 5767.85644758952, 5848.504082241886, 5748.260606479146, 7156.29093874753, 7574.46367738337, 7842.3529632375, 8441.711911691846, 6817.074152449862, 6118.823416311342, 7086.959855960806, 6921.163197035597, 6307.535176279242, 8437.56481456587, 7605.425694857587, 8800.0, 9500.0, 9801.830084224068, 8698.709846868098, 7792.945527847606, 7354.590403278758, 9204.890004774636, 9876.23410010111, 10620.730153807694, 9608.832811533355, 9208.284313595013, 8881.441324469806, 10594.810050208545, 11183.022847155415, 11877.078765420392, 12529.964086141668, 11498.26073804208, 10816.769388315533, 11660.295879607858, 11290.039858211307, 10366.894424078988, 15227.031884119768, 15014.076728190781, 15658.304505916341, 15778.54556034871, 8285.07694593116, 6975.851202541522, 7179.3105518566335], [5205.849882584015, 4555.532131376092, 1629.4394741750918, 1368.8948096913803, 0.0, 1115.0004484304031, 2013.8204984556096, 2512.3043207382343, 1624.4608336306542, 1362.9647831107009, 2950.000677966024, 3153.102757602422, 4207.12170016509, 4592.327623330026, 4636.773986296938, 4551.754936285564, 3841.0380107465744, 4202.650711158376, 1698.3736338038223, 1053.1728253235553, 4162.411920990041, 4914.730206226991, 5506.929543765746, 5530.585231239095, 4414.676998377118, 4073.2754633095956, 4739.237596913664, 4750.0, 3635.0001375515794, 2746.2652821604834, 2246.813966486767, 4071.286406039251, 4737.52815295065, 5593.210527058677, 4680.0167734742145, 4602.865737776847, 4452.636634624479, 5952.828991328409, 6426.894506680501, 6871.322507348931, 7503.250828807471, 6443.676978247746, 5794.020452155826, 7480.786923846983, 7524.365288846628, 7135.318703463778, 8899.374865685792, 7959.326164946377, 8697.877499712215, 9389.987912665276, 9500.0, 8385.000059630293, 7493.562103565967, 6993.54509530038, 8696.94618817433, 9389.125252120135, 9949.397167668, 8887.52254568167, 8354.512134170373, 7980.443158120983, 9720.99135890985, 10344.876654653743, 11171.462437836866, 11834.706291243565, 11192.965335423853, 10543.110214732653, 11820.476851633355, 11584.583419355225, 10799.271873603331, 15528.704807549148, 14484.663371994531, 14980.790132699944, 15079.531590868464, 7431.411238789036, 8079.756988919902, 8305.075135120693], [4884.327282236521, 4049.154603123966, 1367.7547294745502, 1628.0519033495216, 1115.0004484304031, 0.0, 905.8438055205764, 1400.8401050798054, 1363.8009385537173, 1624.7316701535672, 3155.327241349144, 2950.0001694915204, 3804.294021234426, 4092.3774263867695, 4552.708314838543, 4637.558948412408, 4281.104179998427, 4763.019315518256, 2810.898966522988, 2162.3489542624707, 4725.9340875640655, 5264.20487823185, 5576.257974663655, 6159.192560717679, 5071.9476535153635, 5138.068995254929, 5816.317821439953, 5865.000085251491, 4750.0, 3859.9939119122973, 3360.2608529696026, 5137.017909254357, 5815.389324886168, 6567.350302823811, 5590.6619464961395, 5343.374682726264, 5106.52063542291, 6727.269356878763, 7258.509006676233, 7834.657171823155, 8480.292035065773, 7558.449113409443, 6908.672303706408, 8459.518485114859, 8412.244230881555, 7891.365724638543, 9855.94505869427, 8954.253346873764, 9800.70165855486, 10494.453439793804, 10615.000047103156, 9500.0, 8608.3420587242, 8108.3508187546995, 9800.15066210719, 10493.93886965233, 11019.486830156839, 9946.532109232845, 9367.79872755601, 8973.881713060407, 10719.615338247917, 11357.374388475533, 12229.50747168503, 12894.547413538794, 12307.889867885558, 11657.990950416799, 12880.894883508676, 12607.333302487088, 11771.900993467452, 16553.532946171945, 15578.916939248376, 16041.3544627628, 16133.624918163927, 6664.792044767789, 7379.285399007143, 7625.2903551274685], [4650.0, 3684.0874039577293, 1627.8820596099706, 2163.3307652783938, 2013.8204984556096, 905.8438055205764, 0.0, 583.09518948453, 1860.1075237738273, 2343.074902771996, 3697.1217183100694, 3227.703208165212, 3850.0, 4031.128874149275, 4827.007354458868, 5032.891812864647, 4911.720676097125, 5448.853090330111, 3712.142238654117, 3050.0, 5197.3550965851855, 5561.025085359713, 5644.68776815866, 6647.1798531407285, 5602.23169817172, 5971.808771218315, 6659.016443890194, 6759.731725445915, 5645.0467668567635, 4750.0, 4260.575078554537, 6039.246641759219, 6719.560997565242, 7438.158979209842, 6438.522190689413, 6114.327436439759, 5836.308764964376, 7504.165509901817, 8061.792604625847, 8698.419396649026, 9348.93042010689, 8455.323766716447, 7800.0, 9204.618405995981, 9080.886520599186, 8457.245414436074, 10576.979720128047, 9711.977141653495, 10667.708282475669, 11363.538181394033, 11509.017030137717, 10394.111457936171, 9500.0, 9004.99861188218, 10705.606008068857, 11399.12277326637, 11920.93574347249, 10845.09419046234, 10250.487793271108, 9848.857801796104, 11595.257651298654, 12238.463955905578, 13127.261709892127, 13792.751719653334, 13203.408650799232, 12550.0, 13695.345924802337, 13383.758814324174, 12502.499750049987, 17328.084141069954, 16484.614038551223, 16939.37720224684, 17029.459768295645, 6254.79815821422, 6766.27667184841, 7027.268317063182], [4975.188438642299, 3950.0, 2193.171219946131, 2745.906043549196, 2512.3043207382343, 1400.8401050798054, 583.09518948453, 0.0, 2000.0, 2594.2243542145693, 3762.566810038062, 3128.7166698184737, 3585.0383540486705, 3700.0, 4681.87996428785, 4964.876634922563, 5020.4581464244875, 5597.320787662612, 4200.0, 3562.653505464712, 5765.630928181235, 6091.387362497972, 6100.204914590984, 7215.608082483416, 6177.782773778955, 6524.76053200422, 7207.808266040378, 7259.488480602473, 6144.7825836232805, 5258.564442887431, 4750.0, 6462.391198310421, 7151.3984646361305, 7782.313859001062, 6750.953117893799, 6337.586291325744, 6021.004899516359, 7725.444971003289, 8310.38506929733, 9027.319646495298, 9684.652807406159, 8950.0, 8305.419917138446, 9782.893232576957, 9663.979511567686, 9034.655499796327, 11158.068829327054, 10288.46441409018, 11200.892821556681, 11894.956914592, 12008.89974144176, 10894.005369927077, 10004.498987955369, 9500.0, 11164.676439557037, 11860.86000254619, 12332.757558632215, 11246.638075442812, 10611.432514038808, 10195.096860746346, 11940.26800369238, 12593.649193144933, 13524.23750161169, 14190.842117365692, 13700.0, 13053.447820403619, 14258.06789154828, 13957.256177343741, 13082.908697992201, 17902.30432095265, 16924.907680693563, 17335.296363200716, 17418.165804699416, 5736.941693969009, 6799.448507048201, 7071.9516401061455], [6247.599539022968, 5392.8192997726155, 2700.0, 2789.2651361962708, 1624.4608336306542, 1363.8009385537173, 1860.1075237738273, 2000.0, 0.0, 700.0, 1843.287552174104, 1615.4466874521115, 2594.7061490658243, 2968.164415931166, 3200.0, 3275.66787083184, 3053.686296920494, 3606.9377593742865, 2863.5642126552707, 2460.1829200285088, 5769.09871643743, 6451.74395028197, 6885.673532778039, 7151.573253487655, 6036.969438385456, 5463.744137493995, 6082.1460028512965, 5816.130414631364, 4738.7712542388035, 3946.2007044751285, 3370.830758136635, 4750.0, 5450.0, 5882.619229560927, 4816.240027241167, 4341.082814229648, 4021.5046935195787, 5727.34668061922, 6320.0079113874535, 7100.176054155277, 7763.536565251689, 7447.314952383846, 6865.857557508749, 8974.686624055461, 9094.641279346866, 8753.570700005797, 10410.69161967638, 9430.402960637472, 9876.23410010111, 10551.303237041384, 10494.802189655602, 9390.258409649865, 8532.877591996736, 7990.619500389191, 9500.0, 10200.0, 10532.697137960438, 9429.086275986661, 8722.52830319283, 8286.132994346639, 10024.470060806207, 10690.182411914215, 11688.66972756096, 12355.56554755791, 12159.358535712317, 11547.835294980614, 13150.380222639953, 12997.11506450566, 12286.679779338274, 16927.270896396738, 15179.344518127256, 15489.109077025701, 15558.679249859224, 5857.687256929991, 8618.149453333936, 8875.38731549221], [6408.002808988148, 5640.257086339238, 2789.2651361962708, 2700.0, 1362.9647831107009, 1624.7316701535672, 2343.074902771996, 2594.2243542145693, 700.0, 0.0, 1616.696941297286, 1841.4309653093162, 2960.152023123137, 3397.057550292606, 3275.66787083184, 3200.0, 2661.766330841233, 3140.0636936215164, 2247.220505424423, 1952.5624189766636, 5489.307788783573, 6275.746967493193, 6850.0, 6820.923691113983, 5703.069349043548, 4867.494221876385, 5463.744137493995, 5137.720603536163, 4072.5609878797395, 3309.4561486745824, 2728.094573140748, 4050.0, 4750.0, 5212.60098223526, 4162.615523922429, 3771.604433129222, 3500.3571246374277, 5161.637337124723, 5727.34668061922, 6443.7954654070145, 7104.400045042508, 6757.403347440494, 6184.658438426491, 8411.004696229815, 8592.002094971811, 8335.7663115037, 9854.567468945555, 8852.259598543187, 9204.890004774636, 9876.23410010111, 9801.003673093894, 8698.089043002492, 7844.7434629820755, 7299.315036357863, 8800.0, 9500.0, 9841.428199199545, 8740.072539744737, 8050.621094052309, 7621.679604916491, 9363.7599285757, 10024.470060806207, 11003.86295807068, 11670.903992407786, 11462.983904725681, 10854.146673046205, 12509.296542971551, 12384.869801495694, 11712.06642740725, 16305.903838794095, 14483.179899455783, 14807.51498395325, 14880.272174930134, 6411.123146532127, 9003.471552684554, 9250.0], [8009.313890714984, 7204.381236442169, 4398.171097172096, 4308.121284272299, 2950.000677966024, 3155.327241349144, 3697.1217183100694, 3762.566810038062, 1843.287552174104, 1616.696941297286, 0.0, 1118.0004472271019, 2144.3201719892486, 2665.4660005334904, 1838.0720878137506, 1610.7479629041907, 1280.472178534153, 1913.2979381162777, 3273.058050203204, 3272.645565899247, 6961.2577168210055, 7822.442649198522, 8455.608138980897, 8222.931898051935, 7114.816160660794, 5767.270498251318, 6255.190564643095, 5589.8125192174375, 4680.501041555273, 4139.590438678686, 3588.0926688144496, 4161.154767609588, 4814.686801859494, 4750.0, 3632.000137665196, 2840.0015845066, 2412.925402908262, 4158.8470758132, 4812.692489656907, 5837.988437809722, 6502.16956100039, 7023.560991405998, 6569.072156705238, 9331.484822899301, 9676.42025751259, 9595.0408545248, 10780.032884922011, 9719.213394097282, 9607.49233671305, 10238.159453729953, 9945.577107438261, 8887.24310458536, 8107.324404512256, 7531.06293958562, 8738.289821240767, 9427.285346270155, 9500.0, 8382.000059651635, 7527.158095855301, 7047.319277569309, 8737.191139033184, 9426.266970545657, 10566.437857669916, 11225.894574598498, 11535.723167621525, 10987.27486686303, 13069.778460249432, 13084.365059107758, 12560.147650406025, 16940.31018015904, 14190.098977808435, 14309.699822148612, 14351.505461100587, 5820.456081786031, 10460.60748713955, 10718.49378410978], [7803.1511583462225, 6893.995068173461, 4307.025423653778, 4396.779275788131, 3153.102757602422, 2950.0001694915204, 3227.703208165212, 3128.7166698184737, 1615.4466874521115, 1841.4309653093162, 1118.0004472271019, 0.0, 1164.1168326246298, 1656.5228643154915, 1611.480065033384, 1837.9521212479938, 2283.958843762295, 2948.0956565213414, 3966.871311247694, 3778.8051021453857, 7312.617041798374, 8046.767549768043, 8500.633388165848, 8658.964603230574, 7540.932833542545, 6564.218765397753, 7107.754075655685, 6565.558392094308, 5592.360950439447, 4950.410892037145, 4373.484651853713, 5210.3903884449965, 5880.4224338052445, 5868.0000852079065, 4750.0, 3929.8432538715842, 3475.9988492518232, 5209.161928755911, 5879.3339758853635, 6948.3788037210525, 7611.160752473961, 8060.680368306387, 7572.507378669235, 10134.735714363744, 10383.350518979893, 10171.00132730303, 11584.091159862304, 10551.26381055843, 10618.49650374289, 11262.04546252589, 11017.98788345676, 9948.442139350262, 9149.867102860018, 8578.511992181395, 9839.292047703431, 10530.568265767997, 10618.000047089847, 9500.0, 8640.43795186332, 8157.577336440029, 9838.641572900195, 10529.960493753051, 11681.971922582248, 12340.715862542173, 12622.918363041092, 12063.638257175984, 14038.389081372548, 14000.088142579674, 13407.563835387844, 17886.709255757472, 15308.088319577988, 15419.142907438143, 15457.967783638314, 4799.496640273853, 9927.717159548816, 10199.057211330859], [8500.0, 7516.648189186454, 5168.413683133346, 5361.203223158025, 4207.12170016509, 3804.294021234426, 3850.0, 3585.0383540486705, 2594.7061490658243, 2960.152023123137, 2144.3201719892486, 1164.1168326246298, 0.0, 522.0153254455275, 1390.1438774457845, 1990.6029237394382, 3050.0, 3703.039292257105, 5127.621280866987, 4911.720676097125, 8363.013810822029, 9030.64228059112, 9374.433316206372, 9737.171047075224, 8620.469824783333, 7728.195132112025, 8270.731527501059, 7703.140463473323, 6746.751292288756, 6114.327436439759, 5537.598757584374, 6304.363568196238, 6958.807369082722, 6801.14762374704, 5691.367849647394, 4750.0, 4252.646234992983, 5911.429607125505, 6604.922406811454, 7800.0, 8451.33125608031, 9165.424158215483, 8698.419396649026, 11298.340586121485, 11536.463929644993, 11293.471565466483, 12747.548783981962, 11715.374513859982, 11741.486277298969, 12377.095782129183, 12087.260773227325, 11031.303322817299, 10250.487793271108, 9674.83849994407, 10857.370768284558, 11541.771961011878, 11534.214711023893, 10418.885161090893, 9500.0, 9001.249913206499, 10634.025578302884, 11331.92393197201, 12550.0, 13200.85224521508, 13669.034347751123, 13127.261709892127, 15181.897114655994, 15157.588858390374, 14571.547618561317, 19037.85702225962, 16219.74105835232, 16237.30273167314, 16260.381299342276, 3676.9552621700473, 10278.61858422619, 10562.196741208714], [8664.438816218855, 7650.0, 5440.588203494177, 5685.9475903318, 4592.327623330026, 4092.3774263867695, 4031.128874149275, 3700.0, 2968.164415931166, 3397.057550292606, 2665.4660005334904, 1656.5228643154915, 522.0153254455275, 0.0, 1746.424919657298, 2404.1630560342614, 3553.167600887974, 4200.0, 5597.320787662612, 5348.130514488217, 8727.112924673314, 9350.133688883812, 9628.733042306241, 10118.547326568178, 9004.720984017216, 8207.46611324104, 8760.279675900765, 8214.49773266753, 7248.693192569265, 6600.189391222043, 6021.004899516359, 6824.404735945839, 7480.140373014399, 7315.203961613101, 6207.299573888794, 5252.142420003479, 4750.0, 6388.466169590319, 7084.666541200087, 8301.355311032048, 8950.0, 9684.652807406159, 9213.576938409968, 11773.911839316617, 11988.014848172319, 11710.038428630369, 13222.045983886155, 12197.233292841454, 12257.650672131263, 12894.960255851896, 12609.18209084158, 11552.685964744303, 10770.329614269009, 10195.096860746346, 11378.049041905208, 12061.923561356207, 12043.450875891012, 10928.955485315146, 10001.124936725868, 9500.0, 11122.050170719425, 11820.744477400736, 13050.862040493723, 13700.0, 14190.842117365692, 13649.267379606863, 15691.159931630293, 15656.468311851175, 15055.314676219823, 19542.58171276252, 16726.99913313802, 16726.99913313802, 16746.71609599924, 3157.9265349276257, 10268.032917750117, 10556.159339456752], [9414.483522743029, 8501.911549763383, 5900.0, 5941.3803110051795, 4636.773986296938, 4552.708314838543, 4827.007354458868, 4681.87996428785, 3200.0, 3275.66787083184, 1838.0720878137506, 1611.480065033384, 1390.1438774457845, 1746.424919657298, 0.0, 700.0, 2127.204738618265, 2692.582403567252, 5110.772935672255, 5088.467352749745, 8745.427376635174, 9551.177937825261, 10074.348614178487, 10037.180879111425, 8924.404742054228, 7574.46367738337, 8031.96738041185, 7258.6619290334775, 6428.308720028932, 5950.840276801252, 5411.330705103875, 5727.34668061922, 6320.0079113874535, 5880.987077013518, 4814.911006446537, 3747.6659402887017, 3226.8405600525107, 4750.0, 5450.0, 6753.702688155587, 7383.258088405145, 8566.358619623627, 8184.130986244049, 11124.072995085928, 11502.71707032734, 11432.628744081563, 12569.108958076544, 11494.890169114275, 11183.022847155415, 11783.462988442743, 11357.890341080072, 10346.21442847576, 9625.487000666511, 9042.67659490264, 10024.470060806207, 10690.182411914215, 10531.785651066015, 9428.407500739455, 8442.89642243703, 7930.952023559341, 9500.0, 10200.0, 11481.50686974493, 12120.23102090055, 12875.169901791587, 12377.095782129183, 14701.445507160171, 14782.591112521512, 14319.305150739683, 18593.883402882788, 15189.881500525276, 15102.069394622711, 15110.013236261575, 4533.486517019765, 11469.633821530659, 11746.169588423283], [9521.685775113565, 8660.975695613053, 5941.3803110051795, 5900.0, 4551.754936285564, 4637.558948412408, 5032.891812864647, 4964.876634922563, 3275.66787083184, 3200.0, 1610.7479629041907, 1837.9521212479938, 1990.6029237394382, 2404.1630560342614, 700.0, 0.0, 1511.6216457830974, 2024.8456731316587, 4792.702786528704, 4863.3835958106365, 8563.439729454514, 9433.186100146651, 10050.0, 9804.335775563788, 8702.011261771615, 7156.29093874753, 7574.46367738337, 6727.330302579174, 5954.238238431512, 5549.099025968089, 5036.119537898202, 5161.637337124723, 5727.34668061922, 5210.758965832137, 4161.077745007897, 3070.0162866017504, 2548.038461248181, 4050.0, 4750.0, 6059.909240244445, 6686.74061108998, 7973.863555391452, 7621.679604916491, 10674.502330319667, 11109.567948394753, 11115.979489005906, 12112.493550049881, 11025.538535599973, 10594.810050208545, 11183.022847155415, 10720.096687996802, 9722.342978932598, 9021.08640907513, 8438.009243891594, 9363.7599285757, 10024.470060806207, 9840.452682676747, 8739.340249698485, 7746.773521925112, 7233.94774656273, 8800.0, 9500.0, 10783.552290409687, 11421.471008587292, 12219.656296312101, 11732.540219406877, 14130.905844990972, 14247.280442245812, 13829.407073334705, 18030.044370439027, 14494.222987107656, 14402.169975389126, 14410.499644356541, 5229.005641611032, 11761.908858684461, 12031.7288865732], [9030.64228059112, 8297.740656347365, 5413.409276971399, 5202.403290787825, 3841.0380107465744, 4281.104179998427, 4911.720676097125, 5020.4581464244875, 3053.686296920494, 2661.766330841233, 1280.472178534153, 2283.958843762295, 3050.0, 3553.167600887974, 2127.204738618265, 1511.6216457830974, 0.0, 667.0832032063167, 3609.0164865237175, 3850.0, 7528.113973632439, 8500.0, 9284.53014427763, 8668.333173107734, 7595.393340703297, 5774.296493946254, 6144.306307468729, 5236.1314918554135, 4516.508939435413, 4208.622102303793, 3747.3323845103464, 3655.475345286848, 4215.744299646268, 3784.4562357094314, 2697.77093171381, 1700.0, 1209.3386622447824, 2926.174977679906, 3601.735692690401, 4750.0, 5402.082931610732, 6462.391198310421, 6114.327436439759, 9241.753080449618, 9737.171047075224, 9843.271813782245, 10670.168695948532, 9573.531218939019, 9083.226299063566, 9672.900288951603, 9230.686485847085, 8221.608905804265, 7511.657606680432, 6928.564064797265, 7907.275131168764, 8578.169968005997, 8492.915223879254, 7380.004607044632, 6450.0, 5951.890455981192, 7597.697019492157, 8293.672286749701, 9500.0, 10151.108313873909, 10752.906583803284, 10250.487793271108, 12620.320915095623, 12747.548783981962, 12357.285300582811, 16520.366218701085, 13174.312126255398, 13195.927402043404, 13224.314727047296, 6600.189391222043, 11648.712375194093, 11899.684869777015], [9408.108205160057, 8727.112924673314, 5813.776741499453, 5536.244214266563, 4202.650711158376, 4763.019315518256, 5448.853090330111, 5597.320787662612, 3606.9377593742865, 3140.0636936215164, 1913.2979381162777, 2948.0956565213414, 3703.039292257105, 4200.0, 2692.582403567252, 2024.8456731316587, 667.0832032063167, 0.0, 3700.0, 4052.468383590426, 7650.0, 8674.387586452429, 9541.095324961385, 8713.49528031088, 7669.745758498127, 5626.944108483752, 5929.797635670209, 4914.34359808103, 4310.725344997058, 4135.516896350443, 3740.655022853618, 3297.3474187595093, 3791.1080174534727, 3188.7629262772107, 2139.571919800781, 1060.6601717798212, 550.0, 2261.0838109190026, 2934.706118165838, 4102.742984882188, 4750.0, 6021.004899516359, 5728.001396647875, 9004.720984017216, 9572.4866152949, 9774.712271980183, 10414.533114835249, 9306.58369112963, 8640.02314811714, 9208.69154657707, 8704.2675165691, 7720.3207834908, 7045.565981523415, 6463.745044476925, 7338.937252763509, 8000.624975587844, 7861.342697020656, 6751.982523674065, 5801.9393309478855, 5300.0, 6935.416353759881, 7632.168761236874, 8851.271095159158, 9500.0, 10195.096860746346, 9711.977141653495, 12197.233292841454, 12375.176766414288, 12049.170095902871, 16101.940876801156, 12536.048021605533, 12536.048021605533, 12562.344526401113, 7209.1955168382, 12142.178552467427, 12386.787315522939], [6180.008090609591, 5765.630928181235, 3001.6662039607268, 2420.7436873820407, 1698.3736338038223, 2810.898966522988, 3712.142238654117, 4200.0, 2863.5642126552707, 2247.220505424423, 3273.058050203204, 3966.871311247694, 5127.621280866987, 5597.320787662612, 5110.772935672255, 4792.702786528704, 3609.0164865237175, 3700.0, 0.0, 715.8910531638177, 3950.0, 4992.494366546646, 5960.914359391519, 5060.1383380299, 3988.1073205218536, 2621.5453457836657, 3220.6365830375835, 3061.53115287106, 1948.6284920425442, 1092.0164833920778, 550.0, 2462.214450449026, 3092.3292192132453, 4149.748064641997, 3409.188759807823, 3702.026472082554, 3740.655022853618, 4897.193073588175, 5242.37541578243, 5423.329235810786, 6021.004899516359, 4750.0, 4110.960958218893, 6177.782773778955, 6427.480066091221, 6328.111882702454, 7625.122949828416, 6610.030257116831, 7061.161377563892, 7746.612162745725, 7809.383650455393, 6694.636136490168, 5807.7534382926415, 5300.0, 7003.5705179572515, 7694.153624668538, 8297.76530157367, 7254.934045186076, 6800.1838210448395, 6463.745044476925, 8183.520025025906, 8781.799360040059, 9535.460135724967, 10195.096860746346, 9500.0, 8855.083285887265, 10288.46441409018, 10140.266268693342, 9470.08447691994, 14066.005118725074, 12798.925736170204, 13336.884943644074, 13444.422635427674, 8655.20074868284, 9393.215636830659, 9592.314632037462], [5561.025085359713, 5091.659847240387, 2289.6506283710623, 1732.7723451163456, 1053.1728253235553, 2162.3489542624707, 3050.0, 3562.653505464712, 2460.1829200285088, 1952.5624189766636, 3272.645565899247, 3778.8051021453857, 4911.720676097125, 5348.130514488217, 5088.467352749745, 4863.3835958106365, 3850.0, 4052.468383590426, 715.8910531638177, 0.0, 3707.424982383325, 4650.0, 5494.087731370878, 4951.009997970111, 3842.199890687625, 3046.3092423455632, 3700.0, 3711.1552109821546, 2597.451250745623, 1700.0, 1236.9316876852981, 3176.4760348537184, 3807.886552931954, 4836.600975892057, 4042.3839500967742, 4208.622102303793, 4176.12260356422, 5470.831746635972, 5860.034129593445, 6114.327436439759, 6720.119046564577, 5408.326913195984, 4750.0, 6517.8600782772255, 6647.1798531407285, 6393.160407810835, 7951.4149684191425, 6980.329505116502, 7644.7694536853105, 8336.815938954152, 8459.383724598383, 7344.573030476312, 6450.0, 5957.558224642039, 7697.564549907977, 8385.254915624211, 9011.115857650482, 7970.40576131479, 7511.657606680432, 7169.553682064177, 8893.396426562802, 9494.867034350718, 10250.487793271108, 10909.743351701725, 10154.432529688698, 9500.0, 10786.333946248837, 10576.979720128047, 9832.853095617771, 14517.058930788977, 13499.074042318607, 14050.800688928728, 14159.272580185749, 8316.549765377467, 8707.755164219996, 8912.070466507768], [3832.75357934736, 4200.0, 3572.46413557925, 3100.403199585499, 4162.411920990041, 4725.9340875640655, 5197.3550965851855, 5765.630928181235, 5769.09871643743, 5489.307788783573, 6961.2577168210055, 7312.617041798374, 8363.013810822029, 8727.112924673314, 8745.427376635174, 8563.439729454514, 7528.113973632439, 7650.0, 3950.0, 3707.424982383325, 0.0, 1192.6860441876563, 2549.5097567963926, 1450.0, 550.0, 3259.6012026013245, 3758.324094593227, 4879.976741747854, 4269.713456427726, 3798.025802966589, 3988.1073205218536, 5580.770556114989, 5886.000339789321, 7413.946924547005, 7025.7290013207885, 7573.143336818603, 7669.745758498127, 8622.354666794912, 8822.9813555283, 8547.51425854324, 9004.720984017216, 6177.782773778955, 5489.307788783573, 4750.0, 4220.189569201839, 3318.5087012090235, 5885.575587824865, 5300.0, 7322.055722268166, 7985.142453331688, 8684.910650087311, 7697.49654108399, 6852.919086053767, 6610.030257116831, 8610.023228772383, 9180.550092450887, 10324.684450383944, 9506.4382394249, 9481.033698917012, 9306.58369112963, 10832.01274002205, 11290.81485101939, 11600.538780591185, 12197.233292841454, 10288.46441409018, 9573.139505930121, 9500.0, 8906.317982196684, 7787.810988975015, 12747.548783981962, 14182.38343861849, 15172.672803431833, 15344.705927452635, 11385.077953180646, 7433.034373659253, 7527.283706623525], [3050.0, 3688.156721182005, 3962.953444086872, 3669.4686263817543, 4914.730206226991, 5264.20487823185, 5561.025085359713, 6091.387362497972, 6451.74395028197, 6275.746967493193, 7822.442649198522, 8046.767549768043, 9030.64228059112, 9350.133688883812, 9551.177937825261, 9433.186100146651, 8500.0, 8674.387586452429, 4992.494366546646, 4650.0, 1192.6860441876563, 0.0, 1432.6548781894403, 1700.0, 1562.049935181331, 4443.253312607779, 4914.519305079592, 6067.789795304382, 5457.366855911375, 4951.009997970111, 5093.378053904894, 6757.403347440494, 7076.192479010163, 8594.946713040168, 8173.858819431615, 8668.333173107734, 8732.840316872856, 9760.251021362104, 9983.611570969695, 9737.171047075224, 10197.180982997214, 7325.469268244868, 6647.1798531407285, 5491.812087098392, 4750.0, 3569.3136595149494, 6450.0, 6033.4484335245625, 8300.903565275288, 8942.315136473328, 9726.591026664995, 8773.759342493957, 7951.4149684191425, 7739.832039521271, 9737.812896128165, 10290.043731685497, 11475.217165701048, 10677.006509317112, 10670.168695948532, 10498.809456314559, 12017.695286534768, 12469.362453630098, 12747.548783981962, 13335.853928414183, 11292.696754982842, 10576.979720128047, 10199.142120786433, 9500.0, 8279.643712141242, 13235.274836587263, 15238.520269369988, 16281.354366268182, 16460.02733898094, 11815.773355984787, 6560.678318588712, 6622.122016393235], [1931.3207915827966, 2860.0699292150184, 4208.622102303793, 4150.0, 5506.929543765746, 5576.257974663655, 5644.68776815866, 6100.204914590984, 6885.673532778039, 6850.0, 8455.608138980897, 8500.633388165848, 9374.433316206372, 9628.733042306241, 10074.348614178487, 10050.0, 9284.53014427763, 9541.095324961385, 5960.914359391519, 5494.087731370878, 2549.5097567963926, 1432.6548781894403, 0.0, 3031.9135871591066, 2982.029510249689, 5798.706752371601, 6307.535176279242, 7407.075873784472, 6711.233344177506, 6109.418957642371, 6158.327695080865, 7957.700672933105, 8335.7663115037, 9800.755532100573, 9284.248380994553, 9661.392239216872, 9665.660867214408, 10835.35878501492, 11115.979489005906, 10983.624174196784, 11473.665499743314, 8726.11024454768, 8038.812101299544, 6863.854602189647, 6040.695324215582, 4750.0, 7731.752712031082, 7397.972695272671, 9729.465555722987, 10366.894424078988, 11159.223673714941, 10203.511797415633, 9376.166594083106, 9152.185531336218, 11151.793577716546, 11712.06642740725, 12873.900302550117, 12052.334545638865, 11997.082978791135, 11800.953351318698, 13358.237159146413, 13829.407073334705, 14149.293268569989, 14743.897042505418, 12723.305388145016, 12007.70585915561, 11526.057435220424, 10772.766589878387, 9500.0, 14422.205101855958, 16670.932787339767, 17704.519197086374, 17880.715869338117, 11806.777714516353, 5223.983154643591, 5261.178575186362], [4750.0, 5344.389581607988, 5022.449601539073, 4539.273069556402, 5530.585231239095, 6159.192560717679, 6647.1798531407285, 7215.608082483416, 7151.573253487655, 6820.923691113983, 8222.931898051935, 8658.964603230574, 9737.171047075224, 10118.547326568178, 10037.180879111425, 9804.335775563788, 8668.333173107734, 8713.49528031088, 5060.1383380299, 4951.009997970111, 1450.0, 1700.0, 3031.9135871591066, 0.0, 1118.033988749895, 3621.118611699981, 3891.336531321854, 5205.849882584015, 4884.327282236521, 4650.0, 4975.188438642299, 6247.599539022968, 6408.002808988148, 8009.313890714984, 7803.1511583462225, 8500.0, 8664.438816218855, 9414.483522743029, 9521.685775113565, 9030.64228059112, 9408.108205160057, 6180.008090609591, 5561.025085359713, 3832.75357934736, 3050.0, 1931.3207915827966, 4750.0, 4366.062299143246, 6791.538853603062, 7403.039916142558, 8290.921118910734, 7409.632447024616, 6647.1798531407285, 6524.185772952821, 8487.932610477064, 8984.70923291344, 10286.233956118245, 9587.787440280474, 9737.171047075224, 9637.68644437035, 11029.279214889793, 11415.99754730177, 11536.463929644993, 12092.352955483891, 9793.109822727405, 9080.886520599186, 8508.965859609498, 7800.0, 6587.29838401146, 11547.835294980614, 13798.278878178973, 14941.971088179766, 15136.46259863909, 12823.123644416753, 8237.86987030021, 8286.887232248306], [4366.062299143246, 4750.0, 3990.613987846983, 3464.8232278140827, 4414.676998377118, 5071.9476535153635, 5602.23169817172, 6177.782773778955, 6036.969438385456, 5703.069349043548, 7114.816160660794, 7540.932833542545, 8620.469824783333, 9004.720984017216, 8924.404742054228, 8702.011261771615, 7595.393340703297, 7669.745758498127, 3988.1073205218536, 3842.199890687625, 550.0, 1562.049935181331, 2982.029510249689, 1118.033988749895, 0.0, 2926.174977679906, 3360.4315199093107, 4555.532131376092, 4049.154603123966, 3684.0874039577293, 3950.0, 5392.8192997726155, 5640.257086339238, 7204.381236442169, 6893.995068173461, 7516.648189186454, 7650.0, 8501.911549763383, 8660.975695613053, 8297.740656347365, 8727.112924673314, 5765.630928181235, 5091.659847240387, 4200.0, 3688.156721182005, 2860.0699292150184, 5344.389581607988, 4750.0, 6806.247130394253, 7463.578230312857, 8193.983951656239, 7224.379073664393, 6394.137940332535, 6177.782773778955, 8175.879157619687, 8730.692985095742, 9915.170649060963, 9127.63211353306, 9154.916711800277, 9004.720984017216, 10490.233553167442, 10928.174595969813, 11186.59912573969, 11773.911839316617, 9782.893232576957, 9067.110895980042, 8950.0, 8360.023923410747, 7252.068670386402, 12208.70591012823, 13700.091240572086, 14722.856380471827, 14900.083892381277, 11735.949045560823, 7960.056532462568, 8048.136430255143], [6791.538853603062, 6806.247130394253, 4750.0, 4050.0, 4073.2754633095956, 5138.068995254929, 5971.808771218315, 6524.76053200422, 5463.744137493995, 4867.494221876385, 5767.270498251318, 6564.218765397753, 7728.195132112025, 8207.46611324104, 7574.46367738337, 7156.29093874753, 5774.296493946254, 5626.944108483752, 2621.5453457836657, 3046.3092423455632, 3259.6012026013245, 4443.253312607779, 5798.706752371601, 3621.118611699981, 2926.174977679906, 0.0, 700.0, 1629.4394741750918, 1367.7547294745502, 1627.8820596099706, 2193.171219946131, 2700.0, 2789.2651361962708, 4398.171097172096, 4307.025423653778, 5168.413683133346, 5440.588203494177, 5900.0, 5941.3803110051795, 5413.409276971399, 5813.776741499453, 3001.6662039607268, 2289.6506283710623, 3572.46413557925, 3962.953444086872, 4208.622102303793, 5022.449601539073, 3990.613987846983, 4750.0, 5450.0, 5817.52292646965, 4739.910653166366, 3842.199890687625, 3488.911004883902, 5463.744137493995, 6082.1460028512965, 7109.951406303703, 6255.954603415853, 6230.971031869752, 6079.679267856159, 7574.46367738337, 8031.96738041185, 8390.0238378684, 9003.471552684554, 7501.499850029993, 6806.614430096654, 7747.58026741253, 7536.079882803791, 6850.182479321263, 11472.793905583765, 11188.610280101815, 12039.31061149267, 12195.285974506707, 11276.745984547139, 10353.018883398214, 10491.186777481373], [7403.039916142558, 7463.578230312857, 5450.0, 4750.0, 4739.237596913664, 5816.317821439953, 6659.016443890194, 7207.808266040378, 6082.1460028512965, 5463.744137493995, 6255.190564643095, 7107.754075655685, 8270.731527501059, 8760.279675900765, 8031.96738041185, 7574.46367738337, 6144.306307468729, 5929.797635670209, 3220.6365830375835, 3700.0, 3758.324094593227, 4914.519305079592, 6307.535176279242, 3891.336531321854, 3360.4315199093107, 700.0, 0.0, 1368.8948096913803, 1628.0519033495216, 2163.3307652783938, 2745.906043549196, 2789.2651361962708, 2700.0, 4308.121284272299, 4396.779275788131, 5361.203223158025, 5685.9475903318, 5941.3803110051795, 5900.0, 5202.403290787825, 5536.244214266563, 2420.7436873820407, 1732.7723451163456, 3100.403199585499, 3669.4686263817543, 4150.0, 4539.273069556402, 3464.8232278140827, 4050.0, 4750.0, 5139.296936352287, 4073.8867190927144, 3184.7291878588358, 2872.716484444645, 4867.494221876385, 5463.744137493995, 6566.384773983322, 5767.85644758952, 5848.504082241886, 5748.260606479146, 7156.29093874753, 7574.46367738337, 7842.3529632375, 8441.711911691846, 6817.074152449862, 6118.823416311342, 7086.959855960806, 6921.163197035597, 6307.535176279242, 10845.505981741931, 10544.42980914568, 11443.120203860484, 11607.109890063073, 11857.697921603502, 10982.941318244399, 11113.280343804883], [8290.921118910734, 8193.983951656239, 5817.52292646965, 5139.296936352287, 4750.0, 5865.000085251491, 6759.731725445915, 7259.488480602473, 5816.130414631364, 5137.720603536163, 5589.8125192174375, 6565.558392094308, 7703.140463473323, 8214.49773266753, 7258.6619290334775, 6727.330302579174, 5236.1314918554135, 4914.34359808103, 3061.53115287106, 3711.1552109821546, 4879.976741747854, 6067.789795304382, 7407.075873784472, 5205.849882584015, 4555.532131376092, 1629.4394741750918, 1368.8948096913803, 0.0, 1115.0004484304031, 2013.8204984556096, 2512.3043207382343, 1624.4608336306542, 1362.9647831107009, 2950.000677966024, 3153.102757602422, 4207.12170016509, 4592.327623330026, 4636.773986296938, 4551.754936285564, 3841.0380107465744, 4202.650711158376, 1698.3736338038223, 1053.1728253235553, 4162.411920990041, 4914.730206226991, 5506.929543765746, 5530.585231239095, 4414.676998377118, 4073.2754633095956, 4739.237596913664, 4750.0, 3635.0001375515794, 2746.2652821604834, 2246.813966486767, 4071.286406039251, 4737.52815295065, 5593.210527058677, 4680.0167734742145, 4602.865737776847, 4452.636634624479, 5952.828991328409, 6426.894506680501, 6871.322507348931, 7503.250828807471, 6443.676978247746, 5794.020452155826, 7480.786923846983, 7524.365288846628, 7135.318703463778, 11352.496333406147, 9876.435237473082, 10590.683311288276, 10729.900884910354, 11365.050505827065, 11799.193743641978, 11954.613042671017], [7409.632447024616, 7224.379073664393, 4739.910653166366, 4073.8867190927144, 3635.0001375515794, 4750.0, 5645.0467668567635, 6144.7825836232805, 4738.7712542388035, 4072.5609878797395, 4680.501041555273, 5592.360950439447, 6746.751292288756, 7248.693192569265, 6428.308720028932, 5954.238238431512, 4516.508939435413, 4310.725344997058, 1948.6284920425442, 2597.451250745623, 4269.713456427726, 5457.366855911375, 6711.233344177506, 4884.327282236521, 4049.154603123966, 1367.7547294745502, 1628.0519033495216, 1115.0004484304031, 0.0, 905.8438055205764, 1400.8401050798054, 1363.8009385537173, 1624.7316701535672, 3155.327241349144, 2950.0001694915204, 3804.294021234426, 4092.3774263867695, 4552.708314838543, 4637.558948412408, 4281.104179998427, 4763.019315518256, 2810.898966522988, 2162.3489542624707, 4725.9340875640655, 5264.20487823185, 5576.257974663655, 6159.192560717679, 5071.9476535153635, 5138.068995254929, 5816.317821439953, 5865.000085251491, 4750.0, 3859.9939119122973, 3360.2608529696026, 5137.017909254357, 5815.389324886168, 6567.350302823811, 5590.6619464961395, 5343.374682726264, 5106.52063542291, 6727.269356878763, 7258.509006676233, 7834.657171823155, 8480.292035065773, 7558.449113409443, 6908.672303706408, 8459.518485114859, 8412.244230881555, 7891.365724638543, 12294.93607140761, 10947.540956762847, 11596.165443800808, 11723.47444