{"TourSize": 99, "DistanceMatrix": [[0.0, 14.212670403551895, 22.80350850198276, 28.160255680657446, 42.7551166528639, 51.97114584074513, 61.29437168288782, 71.25307010929424, 80.75270893288967, 17.0, 24.596747752497688, 27.018512172212592, 40.45985664828782, 41.593268686170845, 57.982756057296896, 67.11929677819934, 80.05623023850174, 86.7294644281861, 49.09175083453431, 40.44749683231337, 53.71219600798314, 52.478567053607705, 58.69412236331676, 68.59300255857006, 74.02702209328699, 83.86894538504703, 96.79876032264049, 68.0294054067798, 74.54528824815154, 67.91170738539859, 72.61542535852834, 83.19254774317228, 87.36704184073076, 96.04686356149273, 95.67131231461184, 106.4048871058092, 77.00649323271382, 91.6624241442479, 96.1041102138717, 96.56603957913983, 91.7877987534291, 99.12618221237011, 99.62429422585637, 106.88779163215975, 121.51131634543344, 105.00476179678711, 107.22872749408155, 99.82484660644363, 119.36917525056458, 110.4943437466371, 118.06777714516353, 122.29881438509533, 128.47178678604885, 134.01492454200763, 120.06664815842908, 130.4645545732633, 126.15070352558483, 130.49521064008442, 137.78606605894515, 127.94530081249565, 142.86357128393507, 145.79437574886077, 148.94965592440957, 142.0563268566381, 143.34922392534952, 150.20652449211386, 154.35349040433132, 158.15182578775372, 158.43295111813072, 158.7734234687909, 161.54875425084526, 165.60495161679194, 173.0028901492689, 158.15498727514097, 166.0903368652132, 175.41379649275024, 172.69626515938322, 168.96153408394468, 179.94721448246983, 170.6985647274165, 177.09884245810304, 191.04188022525324, 192.16659439142902, 186.30351580150065, 185.776747737708, 195.143536915779, 196.72569735548024, 192.62658175859323, 201.89601283829256, 205.7692882818036, 207.00966161027364, 213.08449028495716, 206.6204249342257, 213.84106247397855, 203.17972339778396, 215.37177159507232, 210.7225664232476, 218.22007240398395, 215.03720608304042], [14.212670403551895, 0.0, 9.486832980505138, 18.24828759089466, 33.13608305156178, 42.01190307520001, 52.23983154643591, 62.20128616033595, 71.0, 10.816653826391969, 11.180339887498949, 12.806248474865697, 26.248809496813376, 29.120439557122072, 44.721359549995796, 54.230987451824994, 67.4166151627327, 74.72616676907762, 39.84971769034255, 29.154759474226502, 40.162171256046406, 38.47076812334269, 44.553338819890925, 54.48853090330111, 60.21627686929839, 70.0, 83.35466393669883, 58.05170109479997, 63.0, 55.44366510251645, 59.135437767890075, 69.46221994724903, 73.24616030891995, 81.83520025025906, 81.68843247363729, 92.45539465060976, 66.48308055437865, 80.02499609497022, 83.72574275573791, 83.74365647617735, 78.18567643756751, 85.0881895447306, 85.44588931013593, 92.69843580125827, 107.29864864013899, 94.53041838477179, 96.02083107326243, 87.5728268357257, 106.51291001564083, 97.082439194738, 104.27847332982968, 108.30050784737807, 114.38968484964018, 119.80818002123227, 109.77249200050075, 119.01680553602503, 114.28035701729323, 117.88553770501282, 124.95199078045935, 114.49017425089369, 129.24395537122808, 131.94695904036593, 134.8332303254654, 131.64345787011217, 132.00378782444085, 138.36184445142382, 141.8767070381886, 145.52662986546483, 145.2067491544384, 145.24806367039804, 147.85127662620977, 151.64761785138597, 162.30834852218786, 147.0136048126159, 154.3243337908834, 163.22989922192565, 160.0312469488381, 155.95512174981621, 166.67633305301626, 157.09869509324386, 163.24827717314508, 180.46883387443938, 181.00276240985937, 174.4849563716024, 173.53097706173386, 182.64993840677855, 183.86136081297778, 179.53551180755298, 188.4887264533346, 192.20041623263984, 196.1249601657066, 202.02227599945508, 195.12560057562922, 201.89601283829256, 190.70395905696347, 202.6153992173349, 197.6916791369834, 204.9243762952568, 201.54652068443156], [22.80350850198276, 9.486832980505138, 0.0, 10.816653826391969, 24.73863375370596, 33.24154027718932, 43.73785545725808, 53.600373133029585, 62.07253821135398, 18.24828759089466, 10.63014581273465, 7.0710678118654755, 18.788294228055936, 19.6468827043885, 35.35533905932738, 44.77722635447622, 57.9396237474839, 65.25335240430181, 40.8166632639171, 28.635642126552707, 35.22782990761707, 32.28002478313795, 36.235341863986875, 46.010868281309364, 51.22499389946279, 61.07372593840988, 74.09453421137081, 57.584720195551874, 60.67124524847005, 52.03844732503075, 53.9351462406472, 63.60031446463138, 66.18912297349165, 74.06078584514209, 72.91776189653656, 83.6301381082203, 65.25335240430181, 77.31752712031083, 80.02499609497022, 79.40403012442127, 72.53275122315436, 78.29431652425353, 78.03204469959762, 84.50443775329198, 99.40321926376429, 92.9623579735368, 93.64827814754524, 84.00595217006948, 101.96568050084302, 91.67878707749138, 98.08159868191383, 101.55294185792945, 107.35455276791944, 112.0714058089752, 108.25894882179486, 116.21101496846157, 111.00450441310929, 113.63538181394033, 120.3536455617361, 108.93117092916977, 123.3288287465668, 125.53883861180172, 127.63228431709588, 129.87686476043376, 129.24782396620841, 135.00370365289984, 137.71347065556077, 141.1523999087511, 139.94641831786907, 139.47401191619892, 141.7391971192161, 144.9310180741169, 160.13119621110684, 144.4195277654653, 151.00331122197287, 159.38004893963358, 155.56349186104046, 151.00993344810135, 161.29786111415117, 151.16216457830973, 156.7801007781281, 178.36199146679206, 178.2806775845324, 171.04677722775136, 169.57889019568444, 178.36199146679206, 179.06702655709677, 174.4161689752415, 182.84966502567076, 186.27130750601393, 193.6620768245554, 199.36148073286373, 192.01041638411183, 198.25236442474022, 186.4242473499625, 197.9419106707824, 192.634368688456, 199.44924166313595, 195.74728606036916], [28.160255680657446, 18.24828759089466, 10.816653826391969, 0.0, 15.0, 24.08318915758459, 34.058772731852805, 44.04543109109048, 53.08483775994799, 28.460498941515414, 21.2602916254693, 16.401219466856727, 23.021728866442675, 14.866068747318506, 31.827660925679098, 40.0, 52.478567053607705, 58.69412236331676, 50.80354318352215, 38.27531841800928, 41.30375285612676, 37.0, 36.76955262170047, 45.65084884205331, 49.040799340956916, 58.89821729050889, 70.2922470831599, 66.64082832618455, 68.41052550594829, 59.033888572581766, 59.00847396772772, 67.60177512462228, 68.30812543175226, 74.68600939935136, 71.06335201775947, 81.46778504415104, 73.7360156233031, 84.52810183601665, 86.28441342444185, 85.00588214941364, 76.6550715869472, 80.65358020571685, 79.30952023559341, 84.05950273467003, 99.4786409235671, 100.96038827183659, 101.0, 90.35485598461214, 107.11675872616759, 95.88534820294495, 101.13851887386922, 103.73041983911952, 109.00458705944443, 112.37882362794157, 116.21101496846157, 123.0447073221762, 117.42657280190033, 119.03780911962384, 125.32358118087753, 112.78741064498288, 126.60568707605516, 128.08200498118384, 128.86038956948718, 137.53908535394584, 136.06616037795732, 141.2267680009707, 143.0873858870865, 146.27713423498562, 144.01388821915754, 142.86357128393507, 144.64093473149293, 146.8945199794737, 167.35889578985635, 151.32745950421557, 157.20368952413298, 165.01212076693034, 160.52725625263767, 155.42522317822161, 165.13025161974412, 154.27572718998928, 159.08802594790095, 185.60711193270586, 184.97837711473198, 177.0706073858674, 175.07141400011596, 183.46116755324545, 183.5755975068582, 178.53851125177448, 186.27130750601393, 189.2828571212935, 200.5642041840966, 206.0728026693479, 198.3053201505194, 204.00245096566854, 191.51240168720145, 202.5487595617411, 196.78668654154427, 203.0492551082126, 198.9170681465017], [42.7551166528639, 33.13608305156178, 24.73863375370596, 15.0, 0.0, 9.219544457292887, 19.1049731745428, 29.068883707497267, 38.118237105091836, 42.95346318982906, 34.0147027033899, 28.178005607210743, 28.0178514522438, 12.083045973594572, 24.041630560342615, 29.410882339705484, 40.36087214122113, 45.27692569068709, 60.876925020897694, 48.16637831516918, 45.617978911828175, 39.92492955535426, 34.0147027033899, 40.607881008493905, 41.23105625617661, 50.53711507397311, 59.54829972383762, 74.4043009509531, 73.79024325749306, 63.56099432828282, 60.63827174318213, 67.26812023536856, 65.27633568147036, 69.3757882838098, 62.64982043070834, 72.40165743959182, 80.26207074328447, 88.60022573334675, 88.76936408468859, 86.49277426467485, 76.16429609731846, 77.52418977325722, 74.73285756613352, 77.07788269017254, 92.84934033152847, 106.10372283760829, 105.00476179678711, 92.89241088485109, 107.46627377926528, 95.02105029939419, 98.50888284819801, 99.82484660644363, 104.29285689825551, 105.84894897919393, 121.07848694132248, 125.87692401707312, 119.64113005150027, 119.60351165413162, 125.14391715141412, 111.11255554616679, 123.9112585683803, 124.33824833895642, 123.3288287465668, 141.6756859873987, 138.74076545846214, 142.86357128393507, 143.34922392534952, 146.12323566086263, 142.28492541376264, 140.1606221447379, 141.23030836190935, 142.1724305201258, 170.51099671282202, 154.02921800749363, 158.67577004697347, 165.51132891738862, 160.0124995117569, 154.11683879446787, 162.88953311984167, 151.08275877809487, 154.7384890710776, 188.692872149427, 187.11493793922494, 178.12635964393365, 175.28548142958104, 183.0109286354233, 182.22239159883728, 176.63804799646084, 183.30848316430968, 185.72291188757515, 202.98029461009264, 208.13697413001853, 199.69977466186586, 204.47982785595258, 191.0026177831079, 201.2486024796197, 194.83326204732086, 200.25983121934362, 195.5326059765992], [51.97114584074513, 42.01190307520001, 33.24154027718932, 24.08318915758459, 9.219544457292887, 0.0, 10.770329614269007, 20.396078054371138, 29.017236257093817, 51.478150704935004, 41.7612260356422, 35.73513677041127, 32.64965543462902, 16.64331697709324, 21.095023109728988, 23.40939982143925, 32.64965543462902, 36.61966684720111, 66.61080993352356, 54.08326913195984, 48.60041152089147, 42.43819034784589, 33.52610922848042, 38.05259518088089, 36.6742416417845, 45.221676218380054, 52.43090691567332, 78.56844150166147, 76.55063683601855, 66.03786792439622, 61.465437442517235, 66.70832032063167, 63.071388124885914, 65.62011886609167, 57.0087712549569, 66.18912297349165, 83.60023923410746, 90.33825324855468, 89.5377015563835, 86.68333173107735, 75.31268153505093, 75.0, 71.34423592694787, 72.12489168102785, 87.93179174792243, 108.30050784737807, 106.51291001564083, 93.637599285757, 106.70520137275409, 93.64827814754524, 96.00520819205592, 96.51942809610924, 100.44899203078147, 100.88111815399351, 122.98373876248843, 126.49110640673517, 119.9208072020865, 118.86967653695369, 123.9112585683803, 109.07336980216573, 121.1486689980538, 120.93386622447825, 118.84864324004712, 143.0, 139.17614738165446, 142.63590010933433, 142.27438279606065, 144.77914214416384, 140.0, 137.2953021774598, 137.93114224133723, 138.07968713753664, 171.09354166653983, 154.40207252495026, 158.26875876179733, 164.47796204963143, 158.38244852255568, 152.029602380589, 160.1998751560063, 147.8681845428556, 150.81445554057476, 189.1718795170149, 187.0106948813356, 177.38658348364456, 174.04022523543227, 181.33394607739612, 180.0, 174.1034175425629, 180.1138528820035, 182.1647605877712, 203.00246303924493, 207.92787210953705, 199.1004771465905, 203.3051893090779, 189.2643653728826, 199.00251254695254, 192.21082175569617, 197.12178976460214, 192.0520762709948], [61.29437168288782, 52.23983154643591, 43.73785545725808, 34.058772731852805, 19.1049731745428, 10.770329614269007, 0.0, 10.0, 19.6468827043885, 61.98386886924694, 52.49761899362675, 46.486557196677836, 43.01162633521314, 27.294688127912362, 27.730849247724095, 26.076809620810597, 31.016124838541646, 32.01562118716424, 77.10382610480494, 64.66065264130884, 58.05170109479997, 51.73973328110612, 41.182520563948, 43.68065933568311, 40.11234224026316, 47.16990566028302, 51.07837115648854, 88.3911760301898, 85.60373823613078, 75.0, 69.35416353759881, 73.38937252763509, 68.24954212300622, 69.00724599634447, 58.05170109479997, 66.09841147864296, 92.9569792968769, 98.6154146165801, 97.082439194738, 93.77632963600144, 81.60882305241266, 79.63039620647382, 75.05997601918082, 73.824115301167, 89.44271909999159, 116.81181447096864, 114.5294721894762, 101.13357503816425, 112.79184367674819, 99.24716620639605, 100.40418317978589, 100.0, 103.23759005323593, 102.18121158021175, 131.2288078129189, 133.70115930686615, 126.87395319765204, 124.90796611905904, 129.43724348115578, 113.86395390991831, 125.06398362438324, 124.10076550932311, 120.66896867049125, 150.7348665704123, 146.18481453283715, 149.04026301640775, 147.87156589419075, 150.0966355385756, 144.34680460612904, 141.00354605470034, 141.12760183606892, 140.29255147726127, 178.13758727455584, 161.3071604114337, 164.45364088398895, 170.03823099526764, 163.35544068074378, 156.54072952429985, 164.01219466856725, 151.11915828246265, 153.18289721767243, 196.08671551127577, 193.40372281835735, 183.19934497699495, 179.3599732381782, 186.18807695446023, 184.27153876819935, 178.04493814764857, 183.273020382161, 184.87833837418594, 209.4803093371785, 214.1821654573508, 205.0, 208.62646045025065, 194.03350226185168, 203.19940944796076, 196.0025510038071, 200.30227157973022, 194.83326204732086], [71.25307010929424, 62.20128616033595, 53.600373133029585, 44.04543109109048, 29.068883707497267, 20.396078054371138, 10.0, 0.0, 10.295630140987, 71.84705978674423, 62.0966987850401, 56.04462507680822, 51.478150704935004, 36.40054944640259, 33.301651610693426, 28.635642126552707, 29.017236257093817, 26.92582403567252, 85.58621384311844, 73.35529974037323, 65.19202405202648, 58.7962583843564, 46.861498055439924, 47.41307836451879, 42.05948168962618, 47.38143096192854, 48.05205510693585, 95.77577981932593, 92.02173656261873, 81.39410298049853, 74.63243262818116, 77.3692445355388, 70.83784299369935, 69.87131027825369, 57.0087712549569, 63.788713735268246, 99.70456358662827, 104.04326023342406, 101.71037311896953, 97.94896630388705, 85.0881895447306, 81.49233092751734, 76.11832893594026, 73.00684899377592, 88.20430828479978, 122.41323457861898, 119.57006314291216, 105.67875850898325, 115.76700738984316, 101.83319694480774, 101.78899744078434, 100.4987562112089, 103.04368005850722, 100.60318086422517, 136.4587849865299, 137.7534028617805, 130.6789960169575, 127.75758294520134, 131.73458164050928, 115.52056094046635, 125.78155667664477, 124.10076550932311, 119.41942890501528, 155.30936868070773, 149.96666296213968, 152.16109883935513, 150.1532550429727, 152.08221460775746, 145.38225476308997, 141.42842712835352, 141.05672617780408, 139.29106216839614, 181.8598361376145, 164.92422502470643, 167.28717822953436, 172.20046457544765, 164.93938280471406, 157.68639763784319, 164.43843832875572, 151.0529708413575, 152.26621424334422, 199.6246477767713, 196.3797341886377, 185.58555978308226, 181.24568960391858, 187.57931655702342, 185.0837648201484, 178.54971296532514, 183.0, 184.1738309315414, 212.51352898109803, 216.96543503516867, 207.4246851269154, 210.440015206234, 195.3176899310454, 203.8872237291979, 196.30843079195554, 200.0024999843752, 194.164878389476], [80.75270893288967, 71.0, 62.07253821135398, 53.08483775994799, 38.118237105091836, 29.017236257093817, 19.6468827043885, 10.295630140987, 0.0, 80.22468448052632, 69.87131027825369, 63.788713735268246, 57.584720195551874, 43.73785545725808, 36.89173349139343, 29.698484809834994, 25.298221281347036, 20.024984394500787, 91.28526715741155, 79.47955712005447, 69.33974329343886, 62.96824596572466, 49.8196748283246, 48.27007354458868, 41.340053217188775, 44.598206241955516, 42.01190307520001, 99.86490875177326, 94.92101980067429, 84.38601779915912, 76.4198926981712, 77.6659513557904, 69.77105417004964, 67.05221845696084, 52.61178575186362, 58.008620049092706, 102.9417310909429, 105.64563407921787, 102.41581909060729, 98.18350166906862, 84.72307831990054, 79.47955712005447, 73.37574531137656, 68.46897107449476, 83.05419917138447, 124.08464852672147, 120.60265337047937, 106.25441167311595, 114.54256850621083, 100.31948963187563, 99.04039579888602, 96.88137075826292, 98.73196037757987, 95.02105029939419, 137.6117727521886, 137.55726080436466, 130.24976007655445, 126.31706139710502, 129.6919426949878, 112.92918134831227, 122.18428704215611, 119.82069938036582, 114.00438588054409, 155.6181223379848, 149.41218156495808, 150.88074761214565, 148.0, 149.61617559608987, 141.9929575718458, 137.46272221951665, 136.61991070118586, 134.0, 181.12150617748296, 164.12799883018133, 165.64117845511726, 169.83815825661793, 162.0154313638056, 154.35349040433132, 160.3807968554839, 146.57762448614045, 147.0, 198.63534428696218, 194.79476378999513, 183.412104289766, 178.5721142843977, 184.39088914585776, 181.33394607739612, 174.52220489095365, 178.22738285684386, 179.00279327429502, 210.95023109728987, 215.1278689523977, 205.23401277566055, 207.6174366473105, 192.00260414900626, 199.96999774966244, 192.04426573058618, 195.1640335717624, 189.0026454841307], [17.0, 10.816653826391969, 18.24828759089466, 28.460498941515414, 42.95346318982906, 51.478150704935004, 61.98386886924694, 71.84705978674423, 80.22468448052632, 0.0, 12.083045973594572, 17.46424919657298, 29.5296461204668, 37.05401462729781, 50.96076922496363, 60.876925020897694, 74.21590126111789, 82.20097323024831, 32.14031735997639, 23.769728648009426, 38.8329756778952, 38.897300677553446, 48.02082881417188, 57.982756057296896, 64.8459713474939, 74.30343195303969, 88.63972021616495, 51.03920062069938, 57.706152185014034, 51.54609587543949, 57.30619512757761, 68.26419266350405, 73.7563556583431, 83.45058418010026, 85.44003745317531, 96.25487000666512, 60.00833275470999, 74.81310045707235, 79.55501241279521, 80.32434251209281, 76.53757247260981, 85.0, 86.37129152675674, 95.01578816175763, 108.89444430272832, 88.0056816347672, 90.27181176868004, 83.19855767980596, 103.09219175087898, 94.847245611035, 103.07764064044152, 107.89810007595129, 114.40279716860073, 121.01652779682617, 103.07764064044152, 113.53413583587978, 109.32977636490436, 114.0175425099138, 121.45781160551181, 112.30761327710601, 127.45587471748802, 130.86252328302402, 135.0, 125.06398362438324, 126.39620247459969, 133.3604139165742, 137.7679207943562, 141.65097952361643, 142.44297104455524, 143.17821063276352, 146.24978632463024, 150.94369811290565, 156.00320509528, 141.1736519326464, 149.21461054467824, 158.67261893597143, 156.20819440733575, 152.73833834371774, 163.98170629676957, 155.2063143045411, 162.1141573089778, 174.04597093871493, 175.18276170902203, 169.43435306926398, 169.0562036720333, 178.53851125177448, 180.36074961032958, 176.459627110566, 186.07794065928394, 190.18412131405714, 190.01052602421794, 196.09181522949905, 189.67603960437387, 197.0, 186.560981987124, 198.9170681465017, 194.48650338776724, 202.24984548819808, 199.32385707686876], [24.596747752497688, 11.180339887498949, 10.63014581273465, 21.2602916254693, 34.0147027033899, 41.7612260356422, 52.49761899362675, 62.0966987850401, 69.87131027825369, 12.083045973594572, 0.0, 6.082762530298219, 17.4928556845359, 26.1725046566048, 39.05124837953327, 49.03060268852505, 62.369864518050704, 70.57619995437555, 30.4138126514911, 18.681541692269406, 29.154759474226502, 28.0178514522438, 36.05551275463989, 46.04345773288535, 52.773099207835045, 62.26556030423239, 76.55716818169282, 47.80167361086848, 52.03844732503075, 44.28317965096906, 48.104053883222775, 58.60034129593445, 63.00793600809346, 72.18032973047436, 73.49829930005184, 84.31488599292535, 55.90169943749474, 69.0, 72.56031973468694, 72.56721022610694, 67.23094525588644, 74.62573282722254, 75.43208866258443, 83.48652585896721, 97.67292357659824, 83.86298349093002, 85.09406559801923, 76.4198926981712, 95.34149149242423, 86.03487664894976, 93.47192091746055, 97.75479527879949, 104.0096149401583, 109.98636279102969, 99.14131328563285, 108.0, 103.1746092796091, 106.70520137275409, 113.78049041905207, 103.46496991735899, 118.30891766895681, 121.19818480488888, 124.53513560437472, 120.93386622447825, 121.00413216084813, 127.251719045363, 130.6981254647518, 134.34656675925888, 134.1044369139217, 134.2609399639374, 136.97079980784227, 141.0319112825179, 151.47607071745688, 136.0588108135596, 143.22360140703069, 152.0690632574555, 148.85227576359054, 144.80676779764127, 155.58920271021378, 146.15402833996743, 152.50245899656832, 169.66437457521835, 170.02646852769718, 163.37074401495514, 162.36378906640482, 171.47011401407536, 172.69626515938322, 168.40427548016706, 177.451401797788, 181.24017214734707, 185.21878954360974, 191.06543381784158, 184.06792224611002, 190.7590102721232, 179.52437160452615, 191.44189719076647, 186.5502613238588, 193.84787850270635, 190.5465822312224], [27.018512172212592, 12.806248474865697, 7.0710678118654755, 16.401219466856727, 28.178005607210743, 35.73513677041127, 46.486557196677836, 56.04462507680822, 63.788713735268246, 17.46424919657298, 6.082762530298219, 0.0, 13.45362404707371, 20.09975124224178, 33.52610922848042, 43.41658669218482, 56.753854494650845, 64.77653896280658, 34.40930106817051, 21.95449840010015, 28.442925306655784, 26.0, 31.89043743820395, 41.86884283091664, 48.02082881417188, 57.688820407423826, 71.55417527999327, 50.695167422546305, 53.600373133029585, 45.0111097397076, 47.29693436154187, 57.245087125446844, 60.53924347066124, 69.02897942168927, 69.20260110718382, 80.0, 58.240879114244144, 70.25667228100119, 73.06161783043132, 72.56031973468694, 66.09841147864296, 72.47068372797375, 72.67048919609665, 79.93122043357026, 94.49338601193207, 85.90692637965812, 86.57944328765345, 77.02596964660685, 95.1892851112981, 85.16454661418682, 91.92388155425118, 95.71311299921238, 101.71037311896953, 107.00467279516349, 101.20276676059801, 109.16501271011697, 104.0, 106.7941945987702, 113.6001760562016, 102.48902380255166, 117.04699910719626, 119.50732195141852, 122.11470017978998, 122.8087944733601, 122.20065466273084, 128.01562404644207, 130.86252328302402, 134.35028842544403, 133.4053971921676, 133.13526955694348, 135.55810562264435, 139.08630414242805, 153.06207890917986, 137.3644786689776, 144.01388821915754, 152.47294842036735, 148.78844041120936, 144.3675863897433, 154.80633061990713, 144.89996549343965, 150.7912464302885, 171.29214809792072, 171.23667831396403, 164.0762018087937, 162.69296235547498, 171.5488268686207, 172.38619434281853, 167.83622970026465, 176.4652940382329, 180.01388835309348, 186.60385848100785, 192.31484602078956, 185.00270268296083, 191.3164917094185, 179.61069010501575, 191.23022773609824, 186.03763060198332, 193.00259065618783, 189.4333655932872], [40.45985664828782, 26.248809496813376, 18.788294228055936, 23.021728866442675, 28.0178514522438, 32.64965543462902, 43.01162633521314, 51.478150704935004, 57.584720195551874, 29.5296461204668, 17.4928556845359, 13.45362404707371, 0.0, 16.278820596099706, 23.0, 33.015148038438355, 46.17358552246078, 55.0, 34.132096331752024, 21.93171219946131, 18.439088914585774, 14.035668847618199, 18.601075237738275, 28.600699292150182, 35.34119409414458, 44.77722635447622, 59.23681287847955, 46.400431032480725, 46.238512086787566, 36.40054944640259, 36.05551275463989, 45.12205669071391, 47.41307836451879, 55.60575509783138, 56.0357029044876, 66.85057965343307, 52.354560450833695, 61.84658438426491, 63.28506932918696, 62.0, 54.12947441089743, 59.50630218724736, 59.36328831862332, 66.48308055437865, 81.05553651663777, 78.77182237323191, 78.33900688673555, 67.36467917239716, 84.2140130857092, 73.348483283569, 79.37883848986453, 82.76472678623425, 88.58893836140041, 93.60021367496978, 93.92017887546851, 100.12991560967181, 94.42986815621421, 96.08329719571451, 102.48902380255166, 90.47098982546837, 104.69479452198185, 106.77546534667971, 108.90821823902914, 114.9826073804208, 113.13708498984761, 118.20744477400736, 120.14990636700472, 123.40583454602137, 121.59769734661919, 120.88010589009261, 123.03251602726817, 126.14277624977183, 144.5441109142811, 128.41339493993607, 134.18271125595876, 142.03168660548954, 137.71347065556077, 132.83448347473634, 142.86357128393507, 132.5028301584536, 138.00362314084367, 162.78820596099706, 162.00308639035245, 154.0519392932137, 152.11837495845134, 160.61133210331082, 160.9534094078159, 156.1089363233252, 164.28329190760695, 167.6007159889241, 177.62882648939615, 183.09560344257315, 175.28548142958104, 181.01104938649465, 168.66831356244717, 179.88885457415086, 174.34735443934903, 180.9447429465692, 177.11578134090706], [41.593268686170845, 29.120439557122072, 19.6468827043885, 14.866068747318506, 12.083045973594572, 16.64331697709324, 27.294688127912362, 36.40054944640259, 43.73785545725808, 37.05401462729781, 26.1725046566048, 20.09975124224178, 16.278820596099706, 0.0, 16.97056274847714, 25.553864678361276, 38.48376280978771, 45.60701700396552, 50.0, 37.44329045369811, 33.54101966249684, 27.85677655436824, 23.345235059857504, 31.38470965295043, 34.20526275297414, 44.04543109109048, 55.60575509783138, 62.625873247404705, 61.71709649683789, 51.478150704935004, 48.83646178829912, 56.00892785976178, 55.10898293381942, 60.53924347066124, 56.22277118748239, 66.60330322138685, 68.26419266350405, 76.55063683601855, 76.90253571892151, 74.81310045707235, 65.0, 67.468511173732, 65.45991139621256, 69.46221994724903, 85.0, 94.02127418834527, 92.97311439335567, 81.02468759581859, 96.13012014972206, 84.0535543567314, 88.28363381737297, 90.24965373894794, 95.1892851112981, 97.94896630388705, 109.00458705944443, 114.00438588054409, 107.8702924812944, 108.2266141020775, 114.00438588054409, 100.4987562112089, 113.77170122662314, 114.72575996697516, 114.76933388322858, 129.65338406690356, 126.90547663517127, 131.24023773218335, 132.09466302617983, 135.00370365289984, 131.7459676802292, 130.04999038831184, 131.46862743635836, 133.13526955694348, 158.61904047118682, 142.20056258679148, 147.10540438746634, 154.20765220960988, 149.03019828209315, 143.42245291445826, 152.59423318068085, 141.22322755127783, 145.49914089093448, 176.81911661356077, 175.41379649275024, 166.67633305301626, 164.0762018087937, 172.02616080119907, 171.572142260916, 166.20770138594662, 173.3666634621547, 176.08236708995025, 191.23022773609824, 196.46119209655632, 188.1754500459611, 193.2097306038182, 180.0444389588304, 190.59118552545917, 184.43969204051496, 190.24720760105785, 185.80904176062046], [57.982756057296896, 44.721359549995796, 35.35533905932738, 31.827660925679098, 24.041630560342615, 21.095023109728988, 27.730849247724095, 33.301651610693426, 36.89173349139343, 50.96076922496363, 39.05124837953327, 33.52610922848042, 23.0, 16.97056274847714, 0.0, 10.04987562112089, 23.345235059857504, 32.0, 55.02726596879042, 43.93176527297759, 32.449961479175904, 26.076809620810597, 13.601470508735444, 17.0, 17.4928556845359, 27.202941017470888, 38.8329756778952, 63.00793600809346, 58.728187440104094, 48.104053883222775, 41.677331968349414, 45.880278987817846, 42.01190307520001, 45.35416188179427, 39.408120990476064, 49.678969393496885, 66.48308055437865, 71.02112361825881, 69.35416353759881, 66.12866246946176, 54.3415126767741, 54.037024344425184, 50.80354318352215, 53.225933528685054, 68.94200461257273, 89.30845424706443, 86.83317338436964, 73.40980860893181, 85.70297544426332, 72.56031973468694, 75.05997601918082, 75.95393340703298, 80.2807573457052, 81.93900170248598, 103.58571330062848, 106.04244433244644, 99.29753269845128, 97.86214794290998, 102.82509421342633, 88.02272433866155, 100.31948963187563, 100.44899203078147, 99.29753269845128, 123.00406497347964, 118.59595271340417, 121.75385004179539, 121.19818480488888, 123.68508398347798, 119.01680553602503, 116.52038448271615, 117.38824472663352, 118.1397477566293, 150.5456741324705, 133.76471881628578, 137.31715115017496, 143.4015341619468, 137.2953021774598, 131.00381673829202, 139.35924798878617, 127.27922061357856, 130.728726758888, 168.5496959356498, 166.13849644197458, 156.348968656656, 152.9477034806342, 160.25292509030842, 159.0125781188394, 153.20900756809309, 159.52429282087414, 161.8054387219416, 182.16750533506243, 187.0106948813356, 178.08424972467387, 182.21415971323415, 168.1903683330291, 178.02527910383964, 171.35343591536179, 176.50495743746123, 171.64206943520577], [67.11929677819934, 54.230987451824994, 44.77722635447622, 40.0, 29.410882339705484, 23.40939982143925, 26.076809620810597, 28.635642126552707, 29.698484809834994, 60.876925020897694, 49.03060268852505, 43.41658669218482, 33.015148038438355, 25.553864678361276, 10.04987562112089, 0.0, 13.341664064126334, 22.02271554554524, 64.28841264178172, 53.600373133029585, 40.718546143004666, 34.539832078341085, 20.591260281974, 18.867962264113206, 14.035668847618199, 21.840329667841555, 30.4138126514911, 70.83078426785913, 65.29931086925804, 54.817880294662984, 46.75467891024384, 48.76474136094644, 42.44997055358225, 43.01162633521314, 33.61547262794322, 43.04648650006177, 73.40980860893181, 76.05918747922567, 73.24616030891995, 69.35416353759881, 56.462376853972415, 53.600373133029585, 49.01020301937138, 48.76474136094644, 64.5600495662759, 94.49338601193207, 91.2633551870629, 77.17512552629896, 87.28115489611719, 73.49829930005184, 74.33034373659252, 74.02702209328699, 77.52418977325722, 77.4919350642375, 108.2266141020775, 109.12378292562992, 102.04410811016969, 99.32774033471213, 103.58571330062848, 87.82368700982668, 99.02019995940222, 98.2496819333274, 95.56673061269805, 126.763559432512, 121.33424908079334, 123.64869590901475, 122.0245876862528, 124.1491039033307, 118.27087553578015, 115.00434774390054, 115.27792503337315, 114.93476410555685, 153.2351134694656, 136.3084736911099, 138.88484438555562, 144.15616532080756, 137.32079230764728, 130.4645545732633, 138.0, 125.25573839150046, 127.73801313626261, 171.0263137648707, 167.93153366774212, 157.4102919125684, 153.39491516996253, 160.13119621110684, 158.2024020045208, 152.0131573252789, 157.45793088949188, 159.26079241294764, 184.04890654388578, 188.6001060445089, 179.2344832893492, 182.64993840677855, 167.96725871431016, 177.1383639983163, 170.00294115102832, 174.4849563716024, 169.1862878604528], [80.05623023850174, 67.4166151627327, 57.9396237474839, 52.478567053607705, 40.36087214122113, 32.64965543462902, 31.016124838541646, 29.017236257093817, 25.298221281347036, 74.21590126111789, 62.369864518050704, 56.753854494650845, 46.17358552246078, 38.48376280978771, 23.345235059857504, 13.341664064126334, 0.0, 9.848857801796104, 76.2954782408499, 66.18912297349165, 51.92301994298868, 46.09772228646444, 31.78049716414141, 26.419689627245813, 17.804493814764857, 19.313207915827967, 20.12461179749811, 81.02468759581859, 74.09453421137081, 64.00781202322104, 54.405882034941776, 53.81449618829484, 44.94441010848846, 41.7612260356422, 28.0, 35.17101079013795, 82.49242389456137, 82.80700453464067, 78.64477096412705, 74.02702209328699, 60.21627686929839, 54.230987451824994, 48.08326112068523, 44.0, 59.21148537234985, 101.13851887386922, 97.0, 82.3286098510111, 89.44271909999159, 75.15317691222374, 73.76313442364011, 71.84705978674423, 74.10802925459562, 71.7007670809734, 114.02192771568107, 112.89818421923357, 105.47511554864494, 101.13357503816425, 104.4030650891055, 87.64131445842195, 97.16480844420988, 95.1892851112981, 90.44888059008801, 131.24404748406687, 124.53112060846478, 125.7179382586272, 122.70289320142373, 124.32618388738553, 116.90166808048549, 112.64102272262978, 112.11155159036913, 110.2905254316979, 156.11854470241516, 139.11865439257238, 140.38874598770374, 144.5441109142811, 136.79546776117988, 129.24782396620841, 135.6244815658294, 122.10241602851272, 123.25988804148737, 173.5280957078709, 169.54350474140847, 158.11388300841898, 153.3101431738944, 159.24823389915505, 156.41611170208776, 149.75313018431368, 154.00324671902212, 155.15798400340216, 185.69868066305693, 189.84203960134857, 179.93609976877903, 182.3869512876401, 166.90416411821485, 175.1456536714514, 167.4305826305338, 171.0, 165.14841809717706], [86.7294644281861, 74.72616676907762, 65.25335240430181, 58.69412236331676, 45.27692569068709, 36.61966684720111, 32.01562118716424, 26.92582403567252, 20.024984394500787, 82.20097323024831, 70.57619995437555, 64.77653896280658, 55.0, 45.60701700396552, 32.0, 22.02271554554524, 9.848857801796104, 0.0, 85.90692637965812, 75.53806987208503, 61.68468205316454, 55.78530272392541, 41.48493702538308, 36.235341863986875, 27.459060435491963, 27.202941017470888, 22.0, 90.87353850269065, 83.86298349093002, 73.824115301167, 64.07027391856539, 62.93647591023825, 53.41348144429457, 48.75448697299562, 33.24154027718932, 38.0, 92.28217596047462, 92.19544457292888, 87.69264507357501, 82.87943049997388, 68.8839603971781, 61.773780845922005, 55.036351623268054, 48.83646178829912, 63.12685640834652, 110.45361017187261, 106.07544484940895, 91.28526715741155, 97.24710792614863, 82.85529554590944, 80.4114419718985, 77.62087348130012, 79.07591289387686, 75.0066663703967, 123.0690862889621, 121.24768039018313, 113.718951806636, 108.70602559196064, 111.48542505637228, 94.33981132056604, 102.83968105745953, 100.12991560967181, 94.0, 139.8070098385628, 132.60844618650805, 133.29666162361306, 129.61867149450345, 130.97327971765844, 122.723265927859, 117.88553770501282, 116.84177335182824, 114.00438588054409, 163.97560794215707, 146.98639392814562, 147.648230602334, 151.22169156572744, 143.0034964607509, 135.09256086106296, 140.73023839957068, 126.77539193392383, 127.00393694685216, 181.1767093199344, 176.7766952966369, 164.9151296879701, 159.70284906663375, 165.1696097955069, 161.8054387219416, 154.8709139896837, 158.3161394173064, 159.0125781188394, 192.91708063310517, 196.84765683136794, 186.6815470259447, 188.6001060445089, 172.69626515938322, 180.34688796871433, 172.28464818433474, 175.231275747225, 169.01183390520322], [49.09175083453431, 39.84971769034255, 40.8166632639171, 50.80354318352215, 60.876925020897694, 66.61080993352356, 77.10382610480494, 85.58621384311844, 91.28526715741155, 32.14031735997639, 30.4138126514911, 34.40930106817051, 34.132096331752024, 50.0, 55.02726596879042, 64.28841264178172, 76.2954782408499, 85.90692637965812, 0.0, 12.727922061357855, 25.0, 30.265491900843113, 44.553338819890925, 52.009614495783374, 61.07372593840988, 68.11754546370561, 84.09518416651456, 19.026297590440446, 27.730849247724095, 25.495097567963924, 35.84689665786984, 46.87216658103186, 56.36488268416781, 68.15423684555495, 76.2954782408499, 86.34813257969161, 28.284271247461902, 44.27188724235731, 50.53711507397311, 52.69724850502159, 53.150729063673246, 64.89992295835181, 68.8839603971781, 80.77747210701756, 91.7877987534291, 56.0357029044876, 58.855755878248644, 53.71219600798314, 74.70609078247904, 69.02897942168927, 79.20858539325141, 85.70297544426332, 92.9569792968769, 102.34256201600583, 71.00704190430693, 82.20097323024831, 78.587530817554, 84.69356528095862, 92.61209424259879, 86.02325267042627, 101.6070863670443, 106.4048871058092, 113.27841806805037, 93.00537618869137, 94.89467845985885, 102.39140588936164, 107.83784122468327, 112.00892821556681, 114.5294721894762, 116.50321883965266, 120.43255373859678, 126.90547663517127, 124.01612798341996, 109.45775440780794, 118.06777714516353, 128.06248474865697, 126.53062870309307, 123.97580409095961, 135.95955280891445, 128.70120434556935, 137.00364958642524, 142.00352108310554, 143.42245291445826, 138.27870407260838, 138.49548729110273, 148.36778626103444, 150.98675438593943, 147.73286702694156, 158.35403373454054, 163.11039206623224, 158.07909412695912, 164.24676556937126, 158.14550262337528, 165.92166826548, 156.32018423735306, 169.1892431568863, 165.46298679765212, 173.99425277864785, 171.82840277439584], [40.44749683231337, 29.154759474226502, 28.635642126552707, 38.27531841800928, 48.16637831516918, 54.08326913195984, 64.66065264130884, 73.35529974037323, 79.47955712005447, 23.769728648009426, 18.681541692269406, 21.95449840010015, 21.93171219946131, 37.44329045369811, 43.93176527297759, 53.600373133029585, 66.18912297349165, 75.53806987208503, 12.727922061357855, 0.0, 18.35755975068582, 21.587033144922902, 35.05709628591621, 43.73785545725808, 52.3450093132096, 60.41522986797286, 76.11832893594026, 29.120439557122072, 34.132096331752024, 27.85677655436824, 34.828149534535996, 46.09772228646444, 53.41348144429457, 64.35060217278468, 69.8927750200262, 80.4114419718985, 37.33630940518894, 51.24451190127583, 55.78530272392541, 56.64803615307419, 53.823786563191554, 63.63961030678928, 66.21933252457322, 76.66159403508382, 89.20201791439474, 65.37583651472461, 67.00746227100382, 59.43904440685432, 79.37883848986453, 71.58910531638176, 80.44874144447506, 85.9127464349732, 92.76313923105448, 100.65783625729296, 80.62257748298549, 90.13878188659973, 85.70880934886448, 90.24965373894794, 97.71898484941399, 89.00561780022652, 104.31682510506155, 108.16653826391968, 113.35784048754634, 102.48902380255166, 103.07764064044152, 109.77249200050075, 114.00438588054409, 117.881296226331, 118.84864324004712, 119.85407794480753, 123.1665539016173, 128.4562182223967, 133.18408313308313, 118.00423721205946, 125.67418191498204, 134.97407158413796, 132.43866504914644, 129.0271289303145, 140.38874598770374, 131.94695904036593, 139.2838827718412, 151.33076356114773, 152.0131573252789, 145.8800877433243, 145.34441853748632, 154.7804897265802, 156.60459763365824, 152.76452467768817, 162.5607578722491, 166.82026255823962, 167.0478973228936, 173.0, 166.30093204789924, 173.40126873814967, 162.8066337714775, 175.1485084150019, 170.7629936490925, 178.63930138690085, 175.86642658563346], [53.71219600798314, 40.162171256046406, 35.22782990761707, 41.30375285612676, 45.617978911828175, 48.60041152089147, 58.05170109479997, 65.19202405202648, 69.33974329343886, 38.8329756778952, 29.154759474226502, 28.442925306655784, 18.439088914585774, 33.54101966249684, 32.449961479175904, 40.718546143004666, 51.92301994298868, 61.68468205316454, 25.0, 18.35755975068582, 0.0, 6.4031242374328485, 20.248456731316587, 27.018512172212592, 36.124783736376884, 43.18564576337837, 59.135437767890075, 30.610455730027933, 28.178005607210743, 18.027756377319946, 18.973665961010276, 29.5296461204668, 35.38361202590826, 46.04345773288535, 51.92301994298868, 62.297672508690084, 35.0, 43.41658669218482, 45.044422518220834, 44.181444068749045, 38.07886552931954, 46.22769732530488, 48.16637831516918, 58.309518948453004, 71.06335201775947, 60.53924347066124, 59.90826320300064, 49.09175083453431, 66.75327707311455, 56.92099788303083, 64.41273166075166, 69.06518659932803, 75.6042326857432, 82.75868534480233, 75.61084578286372, 81.74350127074322, 76.16429609731846, 78.40918313565064, 85.15867542417507, 74.33034373659252, 89.15716460273958, 92.17917335276988, 96.21330469326995, 96.56603957913983, 94.76286192385707, 100.04498987955368, 102.48902380255166, 105.92922165295089, 105.08092119885512, 105.1094667477673, 107.83784122468327, 112.16059914247963, 126.11502686040232, 110.0272693471941, 116.03878661895772, 124.19742348374221, 120.3536455617361, 115.95257651298655, 126.53062870309307, 117.0, 123.47064428438041, 144.3606594609487, 143.68368035375485, 136.0, 134.3726162579266, 143.13629868066312, 143.95138068111746, 139.46325680981354, 148.32734070291963, 152.0855022676389, 159.26079241294764, 164.77863939236784, 157.1146078504478, 163.11039206623224, 151.19854496654392, 162.78820596099706, 157.64834283937145, 164.76953601925328, 161.40012391568973], [52.478567053607705, 38.47076812334269, 32.28002478313795, 37.0, 39.92492955535426, 42.43819034784589, 51.73973328110612, 58.7962583843564, 62.96824596572466, 38.897300677553446, 28.0178514522438, 26.0, 14.035668847618199, 27.85677655436824, 26.076809620810597, 34.539832078341085, 46.09772228646444, 55.78530272392541, 30.265491900843113, 21.587033144922902, 6.4031242374328485, 0.0, 14.317821063276353, 22.20360331117452, 31.016124838541646, 38.8329756778952, 54.589376255824725, 37.013511046643494, 34.132096331752024, 23.706539182259394, 22.02271554554524, 31.32091952673165, 35.0, 44.598206241955516, 48.46648326421054, 59.09314681077663, 41.23105625617661, 48.7031826475