{"TourSize": 127, "DistanceMatrix": [[0.0, 656.1950929411161, 1556.3033123398536, 1352.7808396041098, 1660.867243340057, 991.1044344568336, 418.2439479538228, 1874.0373528828075, 1396.8249711399062, 1233.0969142772194, 1276.0, 1044.0, 844.4927471565401, 883.4296802802133, 836.4878959076456, 259.3838853899756, 1476.4389591175113, 2132.6340520586273, 1611.5235027761773, 1148.3414126469531, 1560.6203894605503, 1415.9604514251096, 1401.6333329369704, 1249.358235255205, 3321.734486680114, 2284.935010016696, 1774.4587907302891, 3764.1955315844048, 3792.685592031061, 1453.4758339924335, 1628.137586323711, 4114.322301424622, 3528.0022675729674, 1888.343189147566, 1165.7855720500233, 1037.5355415599024, 883.4296802802133, 2320.0, 2132.6340520586273, 1724.4639746889466, 1069.467157045975, 2320.0, 1648.6697668120198, 2167.0588363032507, 2498.71647051041, 4153.383199272612, 3268.648650436446, 3535.6221517577355, 3603.4760995461033, 1050.4246760239403, 1069.467157045975, 2091.219739769114, 3411.6623514058365, 2065.3212825127234, 3266.589658956264, 1982.2088689136672, 1640.4877323527903, 2624.7803717644642, 3235.547557987674, 2678.0679603027256, 2698.091177110218, 2864.988656173005, 9304.617348392141, 2708.0472669434703, 5833.543005755593, 3395.8492310466318, 2678.0679603027256, 3603.4760995461033, 5020.267721944717, 4537.364874021044, 4158.240012312902, 1870.4437976052636, 2805.665696407895, 2737.69830331978, 4547.732621867737, 3506.962218216786, 2391.401262858243, 3381.952099010274, 2311.283626039868, 2479.7967658661064, 4915.991863296765, 6808.518194144744, 6827.267681876843, 4697.641961665448, 7345.64905233023, 7488.965749688004, 7446.621784406671, 7631.354270376916, 6089.723803260703, 2348.820980832724, 2705.5616792082196, 6406.309389968611, 4778.580542378668, 4518.047365842904, 4277.8686281839, 6704.960551710949, 5926.226455342387, 12003.61812121662, 7540.0, 2138.93431409195, 11020.61050940464, 10722.943625702785, 2645.20698623, 7007.206576090076, 591.486263576763, 883.4296802802133, 9752.97205983899, 1094.341811318566, 6433.55702547199, 5851.967190612059, 6564.00121876893, 6149.094242244138, 3899.394824841414, 812.0, 1100.472625738596, 2422.151110067248, 4111.050474027289, 3642.473884600959, 8622.319873444732, 820.2438661763952, 1556.3033123398536, 3640.62631974225, 4721.9267253950475, 2345.9548162741753, 5096.084771665401, 5911.449230095781, 6612.0], [656.1950929411161, 0.0, 1870.4437976052636, 1995.7394619538893, 1165.7855720500233, 1611.5235027761773, 844.4927471565401, 2490.625624215731, 1944.5143352518644, 1357.7451896434766, 1800.8042647661628, 1577.7705790133114, 778.1516561699268, 1281.2618779937222, 1485.5248230844209, 624.6791176276025, 2132.6340520586273, 2788.829144999743, 2252.3125893179213, 1804.5365055880693, 2216.1768882469646, 2065.3212825127234, 2029.1712594061646, 1870.4437976052636, 3601.6085295323255, 2593.838853899756, 2207.050520491092, 3945.7055135932283, 4079.837251656002, 1755.3985302489004, 2116.8013605437804, 4417.148401401067, 3778.4674141773407, 1972.0, 905.988962405172, 1037.5355415599024, 883.4296802802133, 2498.71647051041, 2231.304551153876, 1560.6203894605503, 1296.919426949878, 2320.0, 1712.7194749870744, 1628.137586323711, 1913.1210102865946, 3506.962218216786, 2650.28904084064, 2881.3802248228194, 2964.248302689908, 676.3904198020549, 418.2439479538228, 1660.867243340057, 2767.0316225153624, 1415.9604514251096, 2786.415618675721, 1411.200907029187, 984.2926394116741, 2705.5616792082196, 3612.7994685562053, 3036.0105401661567, 2982.3507506663263, 3185.2510105170677, 9953.043353668263, 2767.0316225153624, 5559.535232373296, 3044.8619016303514, 3274.8178575304, 4247.881354275329, 5674.522711206644, 5179.8903463297365, 4772.945421854308, 2509.4636877229364, 3443.0707224801527, 3387.9149930303743, 5199.336880795473, 4153.383199272612, 3044.8619016303514, 3994.848682991635, 2909.265199324393, 3044.8619016303514, 5514.577046338187, 7377.63647789724, 7373.075342080806, 5300.57808168128, 7923.742550083262, 8070.132588749704, 8037.552861412483, 8228.644602849245, 6072.021080332313, 2690.5999331004227, 2934.593668636256, 6406.309389968611, 4292.0, 3862.9915868404373, 3964.4177378273343, 7341.068042185687, 5908.033852306536, 11976.684015202205, 7475.477777373163, 2188.683622637132, 11489.271517376548, 11237.640321704552, 2100.8493520478805, 7315.361371798388, 1194.293096354492, 1512.4549580070145, 9131.639064264422, 1740.0, 7056.004535145935, 6422.043288549214, 5908.033852306536, 5502.36312869298, 3787.360030416966, 1357.7451896434766, 997.8697309769447, 2793.6499422798124, 4697.641961665448, 2993.609192930834, 9277.824745057433, 1050.4246760239403, 956.5605051432973, 3856.0186721539612, 4571.342034895223, 1859.621466858242, 5179.8903463297365, 6492.892113688629, 6165.484571386097], [1556.3033123398536, 1870.4437976052636, 0.0, 1411.200907029187, 1972.0, 1142.467505008348, 1142.467505008348, 1434.8407577149458, 812.0, 624.6791176276025, 705.6004535145935, 2228.2872346266313, 1165.7855720500233, 2302.534255988388, 1352.7808396041098, 1815.6871977298292, 1774.4587907302891, 2207.050520491092, 1508.0, 1615.6930401533577, 1755.3985302489004, 1525.741786804045, 1281.2618779937222, 1182.972527153526, 4640.0, 3623.955849620688, 2993.609192930834, 5173.39192406684, 5084.188824188182, 2872.0250695284676, 2767.0316225153624, 5373.692957361818, 4873.380756723201, 3411.6623514058365, 2678.0679603027256, 2593.838853899756, 2438.760340828922, 3776.686378295132, 3642.473884600959, 3274.8178575304, 2575.617984096244, 3861.2495386856313, 3185.2510105170677, 3481.932796594443, 3719.242933716484, 4666.0270037795535, 3642.473884600959, 4203.299656222478, 4086.4282692835804, 1547.6330314386546, 2091.219739769114, 2052.2494975026793, 3959.3231744832347, 3071.2629324107047, 3088.7382537210888, 2388.586192708984, 2593.838853899756, 1249.358235255205, 1743.8623798912574, 1165.7855720500233, 1142.467505008348, 1322.603493115, 9182.336086203772, 1357.7451896434766, 4884.412758971133, 2824.7845935575338, 1902.54145815538, 3123.3955881380125, 4635.647959023636, 3967.810479345, 3364.0, 1640.4877323527903, 2334.4549685097804, 2457.9959316483823, 4512.0868785962, 3642.473884600959, 2554.635003283248, 3829.7571724588493, 2982.3507506663263, 3266.589658956264, 5341.041097014701, 7311.681612324212, 7427.624115422104, 5109.270006566496, 6279.019031664102, 6433.55702547199, 6434.6027072384195, 6647.518634799003, 4697.641961665448, 820.2438661763952, 1160.0, 4989.348654884723, 6152.375801265719, 5291.6855537720685, 5800.0, 5992.834387833524, 7447.525226543378, 13515.866823848184, 6187.270803835889, 928.0, 11812.650845597698, 11373.325283310945, 3944.0, 5466.788453927955, 1148.3414126469531, 1194.293096354492, 10753.01855294596, 1357.7451896434766, 5616.125354726335, 4772.945421854308, 7175.1415317051415, 6580.380536108835, 2730.315732658038, 905.988962405172, 1100.472625738596, 928.0, 4645.796379524182, 4217.6808793458995, 8190.125762160188, 820.2438661763952, 2200.945251477192, 5020.267721944717, 6277.947435268951, 2380.1210053272503, 3612.7994685562053, 6384.216788299094, 8034.203880908176], [1352.7808396041098, 1995.7394619538893, 1411.200907029187, 0.0, 2767.0316225153624, 418.2439479538228, 1233.0969142772194, 580.0, 624.6791176276025, 1660.867243340057, 705.6004535145935, 1211.075555033624, 1770.6631526069548, 1512.4549580070145, 518.7677707799512, 1508.0, 366.824208579532, 883.4296802802133, 259.3838853899756, 366.824208579532, 348.0, 116.0, 164.04877323527901, 232.0, 3448.927949377893, 2509.4636877229364, 1834.1210428976601, 4060.0, 3856.0186721539612, 1944.5143352518644, 1577.7705790133114, 4114.322301424622, 3699.290742831658, 2617.0792880614067, 2391.401262858243, 2100.8493520478805, 2002.47047418932, 2803.266665873941, 2788.829144999743, 2786.415618675721, 1859.621466858242, 3095.266062877309, 2460.7315985291852, 3489.653277905987, 3840.2833228812688, 5423.542753588285, 4477.660103223558, 4840.133882445815, 4856.78576838633, 2157.72472757764, 2391.401262858243, 3062.4878775270276, 4681.861168381652, 3411.6623514058365, 4222.4637357827005, 3155.5411580266227, 2971.0496461688417, 2645.20698623, 2482.508408847793, 2052.2494975026793, 2252.3125893179213, 2302.534255988388, 8078.465200766789, 2757.2885231690934, 6290.7945444116995, 4119.225169859012, 1396.8249711399062, 2252.3125893179213, 3692.008667378775, 3185.2510105170677, 2824.7845935575338, 518.7677707799512, 1453.4758339924335, 1396.8249711399062, 3323.7593173995015, 2348.820980832724, 1211.075555033624, 2438.760340828922, 1577.7705790133114, 1874.0373528828075, 3971.200322320696, 5934.1681809669, 6032.0, 3740.8875952105273, 6052.04362178595, 6190.532125754618, 6134.853869490291, 6311.082316053245, 6018.600501777802, 1834.1210428976601, 2388.586192708984, 6287.585228050591, 6028.652917526435, 5851.967190612059, 5341.041097014701, 5352.366205707528, 6489.782739044505, 12487.11848266044, 7522.132676309293, 2331.5711441000467, 10402.555070750646, 9976.674395809458, 3964.4177378273343, 6230.614736926044, 820.2438661763952, 492.1463197058371, 11102.721107908637, 259.3838853899756, 5088.157230275024, 4577.225360412135, 7876.0497713003315, 7411.301640062965, 4140.403845037341, 778.1516561699268, 1920.1416614406344, 1811.977924810344, 3248.0, 4924.1965842155405, 7300.631205587638, 1401.6333329369704, 2793.6499422798124, 3876.8997923598695, 5544.994138860744, 3371.990510069683, 4858.170849198286, 5009.534908551891, 7803.101947302752], [1660.867243340057, 1165.7855720500233, 1972.0, 2767.0316225153624, 0.0, 2348.820980832724, 1556.3033123398536, 3121.2407789211006, 2460.7315985291852, 1352.7808396041098, 2296.6828252939063, 2690.5999331004227, 997.8697309769447, 2436.0, 2334.4549685097804, 1743.8623798912574, 3009.300250888901, 3640.62631974225, 2993.609192930834, 2698.091177110218, 3064.683996760514, 2864.988656173005, 2737.69830331978, 2575.617984096244, 4756.0, 3757.039259842782, 3364.0, 5064.300149082793, 5234.158576122813, 2920.8053683872877, 3256.275172647422, 5574.038392404559, 4924.1965842155405, 3082.19661929605, 1920.1416614406344, 2167.0588363032507, 2025.8529068024657, 3633.2266651008713, 3339.9137713420087, 2546.7218144116173, 2460.7315985291852, 3371.990510069683, 2824.7845935575338, 2029.1712594061646, 2091.219739769114, 2717.9668872155157, 1724.4639746889466, 2231.304551153876, 2138.93431409195, 624.6791176276025, 883.4296802802133, 518.7677707799512, 1995.7394619538893, 1322.603493115, 1624.0, 418.2439479538228, 935.2218988026318, 2216.1768882469646, 3573.477857773852, 3011.535156693343, 2822.401814058374, 3071.2629324107047, 10845.224571211054, 2231.304551153876, 4462.609102307752, 1920.1416614406344, 3787.360030416966, 4924.1965842155405, 6416.80294227585, 5824.309057733802, 5290.41397246, 3225.13379567422, 4104.498995005359, 4130.642565025447, 6087.513778218494, 5084.188824188182, 3944.0, 5025.625533204797, 3967.810479345, 4140.403845037341, 6567.075452589227, 8468.794483278007, 8487.04707186192, 6346.164826097727, 8249.060067668315, 8404.1979986195, 8406.599312444956, 8619.198106552605, 5245.714441332086, 2678.0679603027256, 2678.0679603027256, 5598.126829574336, 4558.076787418132, 3321.734486680114, 4600.68342749205, 7916.946886268721, 6867.552693645677, 12890.622327878511, 6570.148247946921, 1740.0, 12646.128261250555, 12374.541607671777, 2391.401262858243, 6994.713432300139, 1972.0, 2287.877619104658, 8803.781005908768, 2546.7218144116173, 7564.943357355692, 6743.981020139366, 5220.0, 4676.109494013159, 2900.0, 1995.7394619538893, 905.988962405172, 2824.7845935575338, 5768.594976248549, 2252.3125893179213, 10019.069817103782, 1396.8249711399062, 418.2439479538228, 4989.348654884723, 5413.609516764208, 696.0, 4524.0, 7569.388878899009, 6471.095115975348], [991.1044344568336, 1611.5235027761773, 1142.467505008348, 418.2439479538228, 2348.820980832724, 0.0, 820.2438661763952, 883.4296802802133, 518.7677707799512, 1281.2618779937222, 492.1463197058371, 1160.0, 1352.7808396041098, 1357.7451896434766, 259.3838853899756, 1182.972527153526, 705.6004535145935, 1296.919426949878, 656.1950929411161, 478.28025257164865, 733.648417159064, 518.7677707799512, 418.2439479538228, 259.3838853899756, 3535.6221517577355, 2544.078615137512, 1888.343189147566, 4104.498995005359, 3967.810479345, 1870.4437976052636, 1648.6697668120198, 4247.881354275329, 3776.686378295132, 2498.71647051041, 2100.8493520478805, 1859.621466858242, 1740.0, 2767.0316225153624, 2698.091177110218, 2562.5237559874445, 1688.9854943130802, 2973.3133033705008, 2311.283626039868, 3155.5411580266227, 3489.653277905987, 5009.534908551891, 4060.0, 4432.353776493929, 4441.4520148257825, 1740.0, 1995.7394619538893, 2650.28904084064, 4268.421722369991, 3024.909916014029, 3815.677135188458, 2737.69830331978, 2575.617984096244, 2391.401262858243, 2490.625624215731, 1995.7394619538893, 2132.6340520586273, 2228.2872346266313, 8496.554595834714, 2498.71647051041, 5971.46548177246, 3740.8875952105273, 1688.9854943130802, 2645.20698623, 4101.219330881976, 3573.477857773852, 3168.308065829458, 905.988962405172, 1834.1210428976601, 1804.5365055880693, 3740.8875952105273, 2757.2885231690934, 1615.6930401533577, 2805.665696407895, 1870.4437976052636, 2138.93431409195, 4348.066236845984, 6302.548056143642, 6384.216788299094, 4119.225169859012, 6358.874114180906, 6501.176508909753, 6456.522903235146, 6640.430106551834, 5828.927860250116, 1724.4639746889466, 2228.2872346266313, 6112.880826582505, 5741.707063234766, 5453.233902924026, 5136.84883951241, 5729.97731234601, 6467.975262785101, 12504.886085046917, 7323.634070596373, 2025.8529068024657, 10722.943625702785, 10324.651664826277, 3633.2266651008713, 6279.019031664102, 418.2439479538228, 116.0, 10738.618160638733, 232.0, 5447.061593189488, 4869.237311941163, 7468.27423170842, 6995.675235457976, 3856.0186721539612, 366.824208579532, 1508.0, 1740.0, 3603.4760995461033, 4512.0868785962, 7710.292342058115, 991.1044344568336, 2380.1210053272503, 3937.1705576466966, 5430.980758573906, 2957.431317883815, 4710.514196985293, 5381.1998662008455, 7548.026497038812], [418.2439479538228, 844.4927471565401, 1142.467505008348, 1233.0969142772194, 1556.3033123398536, 820.2438661763952, 0.0, 1672.9757918152911, 1100.472625738596, 836.4878959076456, 956.5605051432973, 1322.603493115, 591.486263576763, 1254.7318438614682, 778.1516561699268, 676.3904198020549, 1453.4758339924335, 2091.219739769114, 1476.4389591175113, 1142.467505008348, 1512.4549580070145, 1322.603493115, 1233.0969142772194, 1069.467157045975, 3684.7122004303133, 2647.7492328390917, 2091.219739769114, 4153.383199272612, 4150.14216623961, 1834.1210428976601, 1913.1210102865946, 4464.116485935375, 3899.394824841414, 2302.534255988388, 1547.6330314386546, 1453.4758339924335, 1296.919426949878, 2717.9668872155157, 2544.078615137512, 2132.6340520586273, 1476.4389591175113, 2737.69830331978, 2065.3212825127234, 2460.7315985291852, 2757.2885231690934, 4190.474913419719, 3250.0707684602808, 3612.7994685562053, 3623.955849620688, 935.2218988026318, 1194.293096354492, 1913.1210102865946, 3448.927949377893, 2231.304551153876, 3095.266062877309, 1930.6247693428156, 1770.6631526069548, 2216.1768882469646, 2843.774955934453, 2279.038393709066, 2284.935010016696, 2457.9959316483823, 9298.107334291211, 2302.534255988388, 5514.577046338187, 3134.147411976661, 2438.760340828922, 3460.6126625209013, 4921.4631970583705, 4385.045495773105, 3944.0, 1724.4639746889466, 2645.20698623, 2624.7803717644642, 4537.364874021044, 3528.0022675729674, 2388.586192708984, 3489.653277905987, 2460.7315985291852, 2670.5205485073507, 5036.324056293439, 6961.933064889377, 7007.206576090076, 4812.252694944437, 7079.802257125548, 7226.53001100805, 7195.740962541661, 7388.571715832499, 5688.732723551002, 1944.5143352518644, 2287.877619104658, 6001.80906060831, 5109.270006566496, 4640.0, 4670.350736293795, 6531.119352760291, 6341.9227368362035, 12418.502969359874, 7146.955715547704, 1740.0, 11261.562946589607, 10926.19018688582, 2936.885425071942, 6602.835754431576, 418.2439479538228, 742.7624115422104, 9965.203460040342, 997.8697309769447, 6230.614736926044, 5577.658289999486, 6648.530664740894, 6178.5655293118, 3528.0022675729674, 518.7677707799512, 812.0, 2025.8529068024657, 4254.212030447002, 3692.008667378775, 8530.53620823451, 418.2439479538228, 1560.6203894605503, 4021.7051110194543, 5138.158424961223, 2200.945251477192, 4681.861168381652, 6052.04362178595, 6963.865593188886], [1874.0373528828075, 2490.625624215731, 1434.8407577149458, 580.0, 3121.2407789211006, 883.4296802802133, 1672.9757918152911, 0.0, 676.3904198020549, 1870.4437976052636, 836.4878959076456, 1774.4587907302891, 2132.6340520586273, 2091.219739769114, 1069.467157045975, 2055.5252370136445, 778.1516561699268, 844.4927471565401, 366.824208579532, 935.2218988026318, 676.3904198020549, 591.486263576763, 478.28025257164865, 624.6791176276025, 3897.6690470074545, 3009.300250888901, 2334.4549685097804, 4537.364874021044, 4277.8686281839, 2504.095844811057, 2075.071083119805, 4512.0868785962, 4153.383199272612, 3185.2510105170677, 2957.431317883815, 2678.0679603027256, 2575.617984096244, 3339.9137713420087, 3347.9617680015403, 3365.9994058228826, 2438.760340828922, 3662.735589692491, 3036.0105401661567, 4035.066294374852, 4372.753823393217, 5824.309057733802, 4845.6908692156585, 5272.57963429667, 5249.5607435289285, 2544.078615137512, 2864.988656173005, 3345.9515836305823, 5088.157230275024, 3899.394824841414, 4462.609102307752, 3528.0022675729674, 3443.0707224801527, 2554.635003283248, 2052.2494975026793, 1712.7194749870744, 1982.2088689136672, 1972.0, 7785.838426271123, 2670.5205485073507, 6264.0, 4255.793228059841, 820.2438661763952, 1804.5365055880693, 3297.3395336240396, 2717.9668872155157, 2284.935010016696, 259.3838853899756, 984.2926394116741, 1037.5355415599024, 3082.19661929605, 2216.1768882469646, 1182.972527153526, 2479.7967658661064, 1834.1210428976601, 2157.72472757764, 3945.7055135932283, 5917.137145613578, 6059.820459386565, 3713.812057711052, 5486.444385938857, 5626.896835734595, 5577.658289999486, 5759.256896510174, 5773.258352091997, 1577.7705790133114, 2167.0588363032507, 6019.718265832713, 6598.758671144142, 6311.082316053245, 5920.5472720011285, 4858.170849198286, 7003.364905529342, 12965.562386568505, 7281.2526394845, 2345.9548162741753, 10489.504850087062, 10000.249596885069, 4512.0868785962, 5729.97731234601, 1296.919426949878, 991.1044344568336, 11620.861241749684, 820.2438661763952, 4565.451127763827, 4004.94094837864, 8304.336216700285, 7796.2011261896005, 4066.62316916628, 1160.0, 2228.2872346266313, 1508.0, 3299.379335572071, 5337.260720631886, 6897.855898755786, 1724.4639746889466, 3208.401471137925, 4343.421692628981, 6105.171578260516, 3668.2420857953202, 4565.451127763827, 4989.348654884723, 8380.949826839438], [1396.8249711399062, 1944.5143352518644, 812.0, 624.6791176276025, 2460.7315985291852, 518.7677707799512, 1100.472625738596, 676.3904198020549, 0.0, 1194.293096354492, 164.04877323527901, 1672.9757918152911, 1485.5248230844209, 1874.0373528828075, 778.1516561699268, 1624.0, 991.1044344568336, 1396.8249711399062, 696.0, 905.988962405172, 956.5605051432973, 733.648417159064, 478.28025257164865, 418.2439479538228, 4020.031840669922, 3044.8619016303514, 2380.1210053272503, 4605.068511976776, 4441.4520148257825, 2388.586192708984, 2132.6340520586273, 4710.514196985293, 4265.268104117255, 3016.0, 2552.0, 2345.9548162741753, 2216.1768882469646, 3283.025433955698, 3216.778512735995, 3051.48357360809, 2200.945251477192, 3489.653277905987, 2824.7845935575338, 3548.9175814605783, 3856.0186721539612, 5173.39192406684, 4184.047800874173, 4640.0, 4596.294159428876, 1902.54145815538, 2284.935010016696, 2670.5205485073507, 4441.4520148257825, 3321.734486680114, 3787.360030416966, 2872.0250695284676, 2853.2227392897316, 2025.8529068024657, 1972.0, 1485.5248230844209, 1648.6697668120198, 1724.4639746889466, 8461.641448324315, 2138.93431409195, 5694.643096805979, 3601.6085295323255, 1352.7808396041098, 2466.193828554439, 3967.810479345, 3364.0, 2864.988656173005, 844.4927471565401, 1648.6697668120198, 1712.7194749870744, 3748.074705765615, 2843.774955934453, 1743.8623798912574, 3018.2299448517833, 2200.945251477192, 2498.71647051041, 4529.944812025859, 6500.1415369205615, 6616.068923462029, 4298.265696766546, 5979.347121550981, 6126.074109901055, 6096.349071370503, 6290.7945444116995, 5397.429017597175, 1233.0969142772194, 1770.6631526069548, 5669.77812617037, 6175.29788755166, 5694.643096805979, 5626.896835734595, 5475.39660663956, 6984.1248556995315, 13015.282709184614, 6899.8063740948555, 1740.0, 11007.782701343627, 10561.734706003555, 4026.720750188669, 5760.424984321903, 812.0, 624.6791176276025, 11059.61301312121, 656.1950929411161, 5152.541896966972, 4477.660103223558, 7663.905009849744, 7136.593024686219, 3528.0022675729674, 591.486263576763, 1560.6203894605503, 1233.0969142772194, 3835.023859117437, 4693.343371201387, 7562.274790035072, 1069.467157045975, 2575.617984096244, 4432.353776493929, 5946.6266067410015, 2993.609192930834, 4247.881354275329, 5572.831237351442, 8004.840535575959], [1233.0969142772194, 1357.7451896434766, 624.6791176276025, 1660.867243340057, 1352.7808396041098, 1281.2618779937222, 836.4878959076456, 1870.4437976052636, 1194.293096354492, 0.0, 1037.5355415599024, 2132.6340520586273, 591.486263576763, 2091.219739769114, 1396.8249711399062, 1476.4389591175113, 1985.600161160348, 2533.4782414696206, 1834.1210428976601, 1740.0, 2002.47047418932, 1774.4587907302891, 1577.7705790133114, 1434.8407577149458, 4518.047365842904, 3481.932796594443, 2909.265199324393, 4989.348654884723, 4981.251248431462, 2670.5205485073507, 2715.490379286953, 5291.6855537720685, 4734.732938614384, 3116.9266914703016, 2231.304551153876, 2228.2872346266313, 2065.3212825127234, 3550.8128646832406, 3364.0, 2864.988656173005, 2302.534255988388, 3535.6221517577355, 2872.0250695284676, 2920.8053683872877, 3132.0, 4060.0, 3044.8619016303514, 3582.8792890634763, 3480.0, 935.2218988026318, 1512.4549580070145, 1485.5248230844209, 3345.9515836305823, 2460.7315985291852, 2593.838853899756, 1770.6631526069548, 1985.600161160348, 1396.8249711399062, 2322.898189762091, 1743.8623798912574, 1640.4877323527903, 1859.621466858242, 9655.911350048736, 1476.4389591175113, 4731.890108614104, 2460.7315985291852, 2460.7315985291852, 3642.473884600959, 5151.235968192488, 4518.047365842904, 3950.8176368949253, 2025.8529068024657, 2831.920902850219, 2906.951667984867, 4935.114993594374, 3999.897998699467, 2869.6815154298915, 4086.4282692835804, 3134.147411976661, 3381.952099010274, 5626.896835734595, 7583.597035708055, 7663.905009849744, 5397.429017597175, 6902.731053720694, 7056.957984854381, 7056.004535145935, 7267.379169962167, 4856.78576838633, 1396.8249711399062, 1577.7705790133114, 5173.39192406684, 5587.299884559625, 4668.909937019561, 5322.11236258687, 6580.380536108835, 7147.897033393808, 13226.543615019005, 6311.082316053245, 905.988962405172, 11983.98464618509, 11602.319768046389, 3371.990510069683, 5964.701501332653, 1069.467157045975, 1276.0, 10128.600298165586, 1512.4549580070145, 6217.643283431432, 5396.182354220436, 6567.075452589227, 5992.834387833524, 2698.091177110218, 928.0, 478.28025257164865, 1525.741786804045, 4884.412758971133, 3603.4760995461033, 8733.190024269483, 418.2439479538228, 1577.7705790133114, 4858.170849198286, 5889.785055500753, 1811.977924810344, 3876.8997923598695, 6661.6730631276105, 7481.7751904210545], [1276.0, 1800.8042647661628, 705.6004535145935, 705.6004535145935, 2296.6828252939063, 492.1463197058371, 956.5605051432973, 836.4878959076456, 164.04877323527901, 1037.5355415599024, 0.0, 1648.6697668120198, 1322.603493115, 1815.6871977298292, 742.7624115422104, 1512.4549580070145, 1069.467157045975, 1525.741786804045, 820.2438661763952, 935.2218988026318, 1050.4246760239403, 820.2438661763952, 580.0, 478.28025257164865, 4026.720750188669, 3036.0105401661567, 2380.1210053272503, 4596.294159428876, 4456.574469253263, 2348.820980832724, 2138.93431409195, 4733.311737039934, 4268.421722369991, 2957.431317883815, 2438.760340828922, 2252.3125893179213, 2116.8013605437804, 3250.0707684602808, 3166.1838228378338, 2957.431317883815, 2132.6340520586273, 3427.4025150250445, 2757.2885231690934, 3413.6338409384216, 3713.812057711052, 5009.534908551891, 4020.031840669922, 4477.660103223558, 4432.353776493929, 1740.0, 2132.6340520586273, 2509.4636877229364, 4277.8686281839, 3168.308065829458, 3631.3743954596584, 2708.0472669434703, 2698.091177110218, 1944.5143352518644, 2025.8529068024657, 1512.4549580070145, 1640.4877323527903, 1740.0, 8619.198106552605, 2055.5252370136445, 5587.299884559625, 3460.6126625209013, 1512.4549580070145, 2629.901899311075, 4130.642565025447, 3528.0022675729674, 3024.909916014029, 991.1044344568336, 1811.977924810344, 1870.4437976052636, 3899.394824841414, 2982.3507506663263, 1870.4437976052636, 3132.0, 2279.038393709066, 2567.769460056724, 4653.031699870527, 6621.151561473276, 6728.999925694754, 4421.715504190653, 6126.074109901055, 6273.659219307341, 6246.791176276025, 6442.962051727451, 5352.366205707528, 1233.0969142772194, 1740.0, 5631.677547587397, 6049.819832028058, 5534.063245030725, 5530.41481265194, 5637.64773642341, 6949.358531548074, 12992.517846822455, 6850.877899948297, 1628.137586323711, 11107.567870600657, 10674.521441263772, 3890.758280849634, 5818.530398648786, 705.6004535145935, 580.0, 10906.467805848051, 676.3904198020549, 5311.989457820864, 4622.567252079736, 7500.635706391826, 6972.555342197005, 3435.2455516309165, 464.0, 1396.8249711399062, 1254.7318438614682, 3945.7055135932283, 4529.944812025859, 7725.983173680875, 905.988962405172, 2413.803637415438, 4429.316877352534, 5880.639421015371, 2831.920902850219, 4222.4637357827005, 5694.643096805979, 7888.0], [1044.0, 1577.7705790133114, 2228.2872346266313, 1211.075555033624, 2690.5999331004227, 1160.0, 1322.603493115, 1774.4587907302891, 1672.9757918152911, 2132.6340520586273, 1648.6697668120198, 0.0, 1870.4437976052636, 418.2439479538228, 905.988962405172, 956.5605051432973, 1044.0, 1577.7705790133114, 1411.200907029187, 844.4927471565401, 1160.0, 1182.972527153526, 1357.7451896434766, 1296.919426949878, 2413.803637415438, 1396.8249711399062, 778.1516561699268, 2952.8779182350227, 2864.988656173005, 733.648417159064, 591.486263576763, 3166.1838228378338, 2645.20698623, 1411.200907029187, 1485.5248230844209, 1094.341811318566, 1069.467157045975, 1611.5235027761773, 1577.7705790133114, 1688.9854943130802, 733.648417159064, 1888.343189147566, 1276.0, 2645.20698623, 3044.8619016303514, 5036.324056293439, 4222.4637357827005, 4377.367245274264, 4513.577738335743, 2091.219739769114, 1982.2088689136672, 3134.147411976661, 4306.084996838776, 2831.920902850219, 4306.084996838776, 2982.3507506663263, 2490.625624215731, 3443.0707224801527, 3640.62631974225, 3155.5411580266227, 3285.0741239734607, 3387.9149930303743, 8480.702801065487, 3541.3263052139096, 6837.115181127198, 4432.353776493929, 2562.5237559874445, 3155.5411580266227, 4417.148401401067, 4073.2355689304295, 3871.6900702406438, 1628.137586323711, 2460.7315985291852, 2279.038393709066, 3776.686378295132, 2708.0472669434703, 1712.7194749870744, 2447.0226807285626, 1352.7808396041098, 1467.296834318128, 3945.7055135932283, 5800.0, 5801.1598840231945, 3735.4881876402715, 7136.593024686219, 7267.379169962167, 7190.128788832645, 7348.396287626301, 6918.308463779278, 2881.3802248228194, 3364.0, 7215.34919459897, 4989.348654884723, 5272.57963429667, 4177.610800445633, 6246.791176276025, 5311.989457820864, 11344.894887128748, 8398.59226299265, 3009.300250888901, 9976.674395809458, 9684.436999640197, 3088.7382537210888, 7418.560507268239, 1094.341811318566, 1069.467157045975, 10267.146828598488, 1037.5355415599024, 6055.377775168119, 5694.643096805979, 7355.717232194288, 7022.552242596705, 4829.0007247876865, 1322.603493115, 2116.8013605437804, 2900.0, 3123.3955881380125, 4518.047365842904, 7957.633819170118, 1724.4639746889466, 2533.4782414696206, 2793.6499422798124, 4334.117672606501, 3381.952099010274, 5838.154502922991, 4915.991863296765, 6693.913653461628], [844.4927471565401, 778.1516561699268, 1165.7855720500233, 1770.6631526069548, 997.8697309769447, 1352.7808396041098, 591.486263576763, 2132.6340520586273, 1485.5248230844209, 591.486263576763, 1322.603493115, 1870.4437976052636, 0.0, 1724.4639746889466, 1357.7451896434766, 1037.5355415599024, 2025.8529068024657, 2647.7492328390917, 1995.7394619538893, 1724.4639746889466, 2075.071083119805, 1870.4437976052636, 1740.0, 1577.7705790133114, 4158.240012312902, 3123.3955881380125, 2617.0792880614067, 4575.755238209316, 4631.291828421094, 2284.935010016696, 2460.7315985291852, 4955.522172284168, 4358.884260908977, 2645.20698623, 1672.9757918152911, 1724.4639746889466, 1560.6203894605503, 3123.3955881380125, 2900.0, 2320.0, 1870.4437976052636, 3036.0105401661567, 2391.401262858243, 2331.5711441000467, 2554.635003283248, 3692.008667378775, 2717.9668872155157, 3155.5411580266227, 3116.9266914703016, 418.2439479538228, 928.0, 1322.603493115, 2957.431317883815, 1913.1210102865946, 2504.095844811057, 1396.8249711399062, 1434.8407577149458, 1930.6247693428156, 2900.0, 2320.0, 2231.304551153876, 2447.0226807285626, 9849.076301867095, 1995.7394619538893, 4989.348654884723, 2562.5237559874445, 2831.920902850219, 3937.1705576466966, 5423.542753588285, 4845.6908692156585, 4343.421692628981, 2228.2872346266313, 3116.9266914703016, 3134.147411976661, 5093.443628823235, 4099.578514920771, 2957.431317883815, 4079.837251656002, 3051.48357360809, 3256.275172647422, 5626.896835734595, 7553.372756590264, 7596.893049135285, 5402.412794298488, 7388.571715832499, 7540.0, 7526.603483643868, 7730.336085837407, 5332.216049636399, 1972.0, 2167.0588363032507, 5660.277025022715, 5000.1247984425345, 4217.6808793458995, 4738.993986069196, 6960.0, 6644.4816201115345, 12720.39307568756, 6757.933411924092, 1415.9604514251096, 11837.116540779683, 11512.67127994194, 2786.415618675721, 6555.796214038383, 991.1044344568336, 1296.919426949878, 9628.69876982347, 1556.3033123398536, 6628.260707003007, 5880.639421015371, 6178.5655293118, 5665.029567442698, 3088.7382537210888, 997.8697309769447, 259.3838853899756, 2091.219739769114, 4845.6908692156585, 3208.401471137925, 9028.645967142582, 418.2439479538228, 1094.341811318566, 4462.609102307752, 5341.041097014701, 1615.6930401533577, 4409.526051629586, 6643.468973360228, 6892.001160766008], [883.4296802802133, 1281.2618779937222, 2302.534255988388, 1512.4549580070145, 2436.0, 1357.7451896434766, 1254.7318438614682, 2091.219739769114, 1874.0373528828075, 2091.219739769114, 1815.6871977298292, 418.2439479538228, 1724.4639746889466, 0.0, 1100.472625738596, 705.6004535145935, 1411.200907029187, 1982.2088689136672, 1740.0, 1160.0, 1525.741786804045, 1508.0, 1640.4877323527903, 1547.6330314386546, 2438.760340828922, 1401.6333329369704, 928.0, 2900.0, 2909.265199324393, 580.0, 844.4927471565401, 3231.3860803067155, 2647.7492328390917, 1142.467505008348, 1069.467157045975, 676.3904198020549, 656.1950929411161, 1476.4389591175113, 1352.7808396041098, 1296.919426949878, 348.0, 1615.6930401533577, 956.5605051432973, 2228.2872346266313, 2629.901899311075, 4668.909937019561, 3889.028670503729, 3999.897998699467, 4158.240012312902, 1870.4437976052636, 1660.867243340057, 2909.265199324393, 3945.7055135932283, 2447.0226807285626, 4060.0, 2690.5999331004227, 2132.6340520586273, 3460.6126625209013, 3840.2833228812688, 3323.7593173995015, 3411.6623514058365, 3541.3263052139096, 8882.904029651565, 3550.8128646832406, 6712.983241450853, 4254.212030447002, 2900.0, 3558.3839028412885, 4834.570508328532, 4480.664236472088, 4254.212030447002, 1975.4088184474626, 2843.774955934453, 2678.0679603027256, 4190.474913419719, 3121.2407789211006, 2129.476931079555, 2831.920902850219, 1740.0, 1815.6871977298292, 4306.084996838776, 6126.074109901055, 6105.171578260516, 4101.219330881976, 7514.078519685564, 7647.207071866173, 7575.608226406643, 7738.165157193273, 6938.700742934516, 3024.909916014029, 3460.6126625209013, 7247.911699241376, 4588.969383205776, 4873.380756723201, 3829.7571724588493, 6656.621365227258, 5151.235968192488, 11214.266627827252, 8400.995179143956, 2993.609192930834, 10210.63602328474, 9957.774048450789, 2670.5205485073507, 7632.235845412535, 1160.0, 1249.358235255205, 9849.076301867095, 1296.919426949878, 6456.522903235146, 6059.820459386565, 6960.0, 6647.518634799003, 4777.172385417968, 1415.9604514251096, 1982.2088689136672, 3064.683996760514, 3476.1311827950335, 4150.14216623961, 8375.3285308697, 1672.9757918152911, 2231.304551153876, 2767.0316225153624, 4073.2355689304295, 3132.0, 5905.755836470045, 5255.964992273065, 6316.410372988759], [836.4878959076456, 1485.5248230844209, 1352.7808396041098, 518.7677707799512, 2334.4549685097804, 259.3838853899756, 778.1516561699268, 1069.467157045975, 778.1516561699268, 1396.8249711399062, 742.7624115422104, 905.988962405172, 1357.7451896434766, 1100.472625738596, 0.0, 991.1044344568336, 676.3904198020549, 1322.603493115, 778.1516561699268, 366.824208579532, 742.7624115422104, 580.0, 591.486263576763, 464.0, 3297.3395336240396, 2296.6828252939063, 1648.6697668120198, 3856.0186721539612, 3735.4881876402715, 1611.5235027761773, 1415.9604514251096, 4021.7051110194543, 3535.6221517577355, 2240.332118236044, 1888.343189147566, 1624.0, 1512.4549580070145, 2509.4636877229364, 2438.760340828922, 2322.898189762091, 1434.8407577149458, 2715.490379286953, 2055.5252370136445, 2973.3133033705008, 3321.734486680114, 4946.00930043606, 4021.7051110194543, 4348.066236845984, 4385.045495773105, 1712.7194749870744, 1888.343189147566, 2678.0679603027256, 4203.299656222478, 2900.0, 3856.0186721539612, 2705.5616792082196, 2466.193828554439, 2593.838853899756, 2749.95854514209, 2252.3125893179213, 2380.1210053272503, 2482.508408847793, 8525.802718806013, 2698.091177110218, 6121.679508108866, 3835.023859117437, 1888.343189147566, 2767.0316225153624, 4190.474913419719, 3701.1090229821657, 3339.9137713420087, 1037.5355415599024, 1972.0, 1902.54145815538, 3764.1955315844048, 2749.95854514209, 1611.5235027761773, 2730.315732658038, 1740.0, 1985.600161160348, 4277.8686281839, 6217.643283431432, 6281.16167599593, 4051.7058136049313, 6555.796214038383, 6695.923536003081, 6644.4816201115345, 6823.324702811673, 6049.819832028058, 1975.4088184474626, 2466.193828554439, 6338.739306833812, 5530.41481265194, 5347.335785229875, 4894.045361457125, 5870.333551000318, 6210.064089846416, 12249.95151010811, 7540.0, 2200.945251477192, 10587.184706049102, 10213.930095707528, 3448.927949377893, 6538.3263913634655, 366.824208579532, 164.04877323527901, 10584.006802718903, 259.3838853899756, 5606.533331747882, 5073.591233041937, 7382.194795587556, 6938.700742934516, 4035.066294374852, 478.28025257164865, 1547.6330314386546, 1995.7394619538893, 3510.797060497801, 4441.4520148257825, 7796.2011261896005, 1050.4246760239403, 2320.0, 3692.008667378775, 5173.39192406684, 2973.3133033705008, 4946.00930043606, 5301.847225260268, 7322.715343368196], [259.3838853899756, 624.6791176276025, 1815.6871977298292, 1508.0, 1743.8623798912574, 1182.972527153526, 676.3904198020549, 2055.5252370136445, 1624.0, 1476.4389591175113, 1512.4549580070145, 956.5605051432973, 1037.5355415599024, 705.6004535145935, 991.1044344568336, 0.0, 1577.7705790133114, 2228.2872346266313, 1766.8593605604267, 1254.7318438614682, 1672.9757918152911, 1556.3033123398536, 1577.7705790133114, 1434.8407577149458, 3123.3955881380125, 2091.219739769114, 1628.137586323711, 3541.3263052139096, 3597.8704812708306, 1249.358235255205, 1512.4549580070145, 3925.190441239762, 3321.734486680114, 1640.4877323527903, 928.0, 778.1516561699268, 624.6791176276025, 2091.219739769114, 1888.343189147566, 1467.296834318128, 836.4878959076456, 2065.3212825127234, 1396.8249711399062, 1982.2088689136672, 2334.4549685097804, 4119.225169859012, 3274.8178575304, 3480.0, 3582.8792890634763, 1165.7855720500233, 1037.5355415599024, 2207.050520491092, 3381.952099010274, 1968.5852788233483, 3365.9994058228826, 2025.8529068024657, 1577.7705790133114, 2872.0250695284676, 3489.653277905987, 2934.593668636256, 2957.431317883815, 3123.3955881380125, 9350.0605345634, 2952.8779182350227, 6016.364350668932, 3548.9175814605783, 2869.6815154298915, 3740.8875952105273, 5127.672376429679, 4676.109494013159, 4331.011891001917, 2025.8529068024657, 2957.431317883815, 2864.988656173005, 4605.068511976776, 3550.8128646832406, 2460.7315985291852, 3371.990510069683, 2284.935010016696, 2422.151110067248, 4889.919426739054, 6755.941977252321, 6756.937767953765, 4676.109494013159, 7540.0, 7681.442572850493, 7633.117318632015, 7813.441751238694, 6329.179409686535, 2606.775786292331, 2964.248302689908, 6648.530664740894, 4561.0279543103, 4429.316877352534, 4026.720750188669, 6850.877899948297, 5674.522711206644, 11752.69501008173, 7772.865623436443, 2380.1210053272503, 10904.617003819987, 10632.841200732757, 2457.9959316483823, 7264.601296698946, 812.0, 1069.467157045975, 9600.708307203173, 1249.358235255205, 6595.699204784888, 6052.04362178595, 6492.892113688629, 6112.880826582505, 4119.225169859012, 1050.4246760239403, 1296.919426949878, 2678.0679603027256, 4073.2355689304295, 3603.4760995461033, 8719.311899456286, 1069.467157045975, 1577.7705790133114, 3425.4389499741487, 4462.609102307752, 2438.760340828922, 5347.335785229875, 5869.187337272512, 6381.054458316431], [1476.4389591175113, 2132.6340520586273, 1774.4587907302891, 366.824208579532, 3009.300250888901, 705.6004535145935, 1453.4758339924335, 778.1516561699268, 991.1044344568336, 1985.600161160348, 1069.467157045975, 1044.0, 2025.8529068024657, 1411.200907029187, 676.3904198020549, 1577.7705790133114, 0.0, 656.1950929411161, 418.2439479538228, 328.09754647055803, 116.0, 259.3838853899756, 518.7677707799512, 591.486263576763, 3134.147411976661, 2231.304551153876, 1556.3033123398536, 3764.1955315844048, 3528.0022675729674, 1755.3985302489004, 1296.919426949878, 3776.686378295132, 3387.9149930303743, 2447.0226807285626, 2391.401262858243, 2055.5252370136445, 1982.2088689136672, 2567.769460056724, 2593.838853899756, 2708.0472669434703, 1755.3985302489004, 2920.8053683872877, 2320.0, 3528.0022675729674, 3899.394824841414, 5616.125354726335, 4697.641961665448, 5009.534908551891, 5057.6532107292605, 2388.586192708984, 2544.078615137512, 3339.9137713420087, 4873.380756723201, 3535.6221517577355, 4512.0868785962, 3381.952099010274, 3116.9266914703016, 3011.535156693343, 2793.6499422798124, 2391.401262858243, 2606.775786292331, 2645.20698623, 7850.380882479524, 3123.3955881380125, 6648.530664740894, 4445.9941520429375, 1525.741786804045, 2179.4421304544885, 3550.8128646832406, 3112.6066246797072, 2843.774955934453, 591.486263576763, 1434.8407577149458, 1296.919426949878, 3088.7382537210888, 2075.071083119805, 935.2218988026318, 2100.8493520478805, 1211.075555033624, 1508.0, 3642.473884600959, 5598.126829574336, 5685.18355024708, 3413.6338409384216, 6102.96714721618, 6236.011545852044, 6165.484571386097, 6330.242333434006, 6381.054458316431, 2188.683622637132, 2749.95854514209, 6647.518634799003, 5992.834387833524, 5992.834387833524, 5221.288729806081, 5291.6855537720685, 6225.2132493594145, 12193.801704144611, 7885.440761301806, 2690.5999331004227, 10043.2154213678, 9628.0, 3994.848682991635, 6505.314750263818, 1037.5355415599024, 733.648417159064, 11165.564920773153, 478.28025257164865, 5064.300149082793, 4653.031699870527, 8040.063681339844, 7610.16583262152, 4504.6251786358425, 1069.467157045975, 2200.945251477192, 2157.72472757764, 2902.3190727416586, 5109.270006566496, 7147.897033393808, 1688.9854943130802, 2993.609192930834, 3573.477857773852, 5347.335785229875, 3640.62631974225, 5213.551572584662, 4676.109494013159, 7726.853952288732], [2132.6340520586273, 2788.829144999743, 2207.050520491092, 883.4296802802133, 3640.62631974225, 1296.91942694