{"TourSize": 130, "DistanceMatrix": [[0.0, 119.09645956364272, 169.64633858528973, 248.29638486152416, 161.41551377055336, 507.8132017674614, 295.5912359626703, 199.72142071760408, 543.8991442234735, 430.45968529902456, 164.89795598615072, 382.81288798041567, 409.242565898283, 424.76355584828724, 272.59499055711956, 87.83050735027697, 155.9553760300397, 187.4354433863481, 225.60995690334533, 200.94380285904256, 249.18145883184113, 301.2723214487801, 331.1591402118527, 284.8058041210077, 354.1109823287154, 243.88695832017578, 201.61069930747945, 220.96565725582127, 304.4506768016822, 242.06230351930728, 175.51192329803038, 404.1907569598986, 265.42835659428675, 149.13725256476158, 197.82933183105143, 417.00941758981816, 299.54382477245923, 330.6568418700445, 65.27129603769322, 319.4124255422157, 37.48898955354977, 325.1946251662509, 206.7295744978442, 313.1442566500051, 97.81482358883163, 180.53828821668588, 318.55159487476584, 348.3966006856315, 393.97130743201353, 104.816733378995, 368.67491174223466, 527.7669327855374, 376.28614851546007, 174.48842594492038, 388.38530650767467, 505.18679592293125, 537.2561404600481, 388.12832477542895, 270.08586312322745, 381.66694243070395, 168.40327334159218, 135.75800297720008, 271.28414491969914, 281.83713127415814, 475.305325473456, 388.9028245227903, 411.37971274020674, 299.95625092894835, 304.30330540776964, 241.73721240618298, 65.5610787649957, 452.1077941314903, 465.2911671571847, 504.3326112316022, 508.0437284325388, 127.42335515388216, 401.7819721547583, 355.26455136492365, 301.8442764535338, 169.66046537137967, 383.67365044959774, 553.1644439554956, 188.8028902778714, 419.1986570226923, 344.7395689033761, 355.5036964453801, 382.3179217841472, 307.7425338874459, 303.52398525884524, 319.66455797068096, 526.7561424892307, 403.3340704364622, 262.7239426734654, 342.264268013315, 302.2880600053151, 400.75871723253454, 251.00392299887014, 321.0610912694823, 498.8531924039284, 226.935701957851, 586.9433468682715, 523.2390361874455, 419.96851374476836, 173.5068731773827, 115.60148629152117, 327.33985169294607, 184.8528373782553, 197.4050110014375, 160.1737878265252, 297.33858662501945, 587.9854066921686, 121.33800027977169, 394.4515409578724, 197.1320590066664, 187.33593834833735, 274.1421705439391, 120.99147428093646, 174.73305947590325, 459.30307480246825, 391.37238192442464, 303.4903000137452, 380.1251495303643, 589.1388027135864, 202.88723111351976, 321.6509091421048, 235.09368303920172, 150.4089978551946, 89.76011101939437, 166.56933503614127, 81.64223139615409], [119.09645956364272, 0.0, 139.1917717358714, 130.37046522864821, 274.6303056486321, 390.3451328061385, 365.4474922088369, 137.56689237686294, 467.8452293499104, 323.26494489704515, 282.24101869620864, 309.004111773868, 313.07689590717297, 317.6499857315076, 230.13392807588477, 191.20657855782204, 112.54542955962555, 109.09754975174361, 198.16122704050545, 86.74847510105461, 157.48651788620373, 192.29684460791614, 224.10724434080834, 229.86871081657273, 374.8746829965553, 327.1324324828681, 170.03359955137827, 274.79582719090934, 259.4539245706559, 215.31024124375702, 132.92483267050562, 403.8792483743534, 172.64505410416817, 132.39298363614944, 80.99124135605985, 410.1220939528462, 189.15234538333124, 235.94303591240188, 105.99248131298762, 207.51830800287135, 114.12331371290976, 206.10897583350658, 223.0470410571753, 195.01285698173513, 213.19304355277634, 74.1671042631263, 207.06922860806066, 374.21413424267456, 280.1302271522757, 39.77294914846976, 249.60567010951436, 442.39620592763396, 259.59600841251654, 74.82809857194331, 272.31824875235105, 433.32100701942005, 464.5776355557353, 274.73959492779625, 242.44325334800277, 262.60420857807827, 285.56993894049504, 203.12652460449914, 308.9310687925842, 389.1160328740973, 401.6580226370683, 391.66301384937884, 310.08137068925606, 326.0237522152901, 410.95364830987825, 304.1391038877821, 92.01356301320345, 339.48565309504374, 372.2355748661001, 414.48794342999975, 419.36743569461714, 246.51561986073236, 359.17817169101227, 307.2890428011222, 228.24490405760002, 59.25407500713823, 321.05991590969666, 491.28693488129227, 179.29234404793453, 412.35074305925826, 342.0848539453508, 457.98992635987327, 308.645224334806, 406.78486848135395, 286.46949559362787, 313.1803556881937, 412.79503974156927, 303.6107509932807, 149.02785519455406, 319.16791729850024, 236.27072784542978, 298.9936128044801, 323.06335468763, 332.77406633927023, 402.56651279391946, 175.88451419563614, 538.9301979705976, 407.03619299709663, 365.24632021062763, 203.63259318805055, 184.7385086594729, 216.96237119453534, 228.45454608541675, 136.66025978899063, 279.029184901508, 298.926227703647, 547.7112284723077, 174.0304271497516, 392.0904474069516, 154.5444814977751, 230.50343525295798, 211.60040771520121, 146.23582454493118, 57.56620563195977, 442.5711493523877, 273.3249824365368, 245.799317726009, 267.2427700163948, 547.58722321706, 305.55413284997877, 318.04806890313733, 180.23729866244796, 205.09866012120384, 175.814087958319, 270.553030152731, 57.198376224334034], [169.64633858528973, 139.1917717358714, 0.0, 220.06330405103816, 257.2137574957939, 408.556947838165, 463.99864830445296, 48.627691627479834, 596.0881576849592, 300.7071021049357, 278.6720513430091, 441.29078593469245, 262.3244295633381, 295.22451195496893, 369.31768733508414, 177.27657641827122, 249.9608176290608, 68.01556400852728, 335.74003473299496, 140.72278059078536, 117.85992080760361, 190.8098464162195, 210.9173068144163, 368.4809050077824, 502.50345427049535, 413.5262563771105, 307.6166545512803, 169.92375936139337, 398.5822037300758, 78.32278218510086, 271.0431523304986, 538.7322816729194, 131.27462927503274, 264.7545783111917, 189.10941993372242, 546.531657613302, 193.26436986672064, 357.7018279331784, 105.42488764102683, 213.9323685637265, 134.75946517079996, 262.98814643008296, 349.1359920831205, 237.65972514626202, 215.8264743551821, 114.46440190714144, 211.954203518572, 499.71455104085265, 367.7403533899841, 103.39773344856083, 299.8370470498672, 564.9069139649263, 337.7594358230633, 208.05621099480112, 289.8252296648651, 564.2351407205985, 594.6637415906212, 364.1420387999034, 106.59637712961211, 311.11405125942514, 316.84992332788147, 135.5113091485027, 427.7263535989546, 442.45894512180587, 532.2042046785016, 252.57773972637432, 271.85371773388084, 450.690775587394, 465.0313818666559, 407.73283135630925, 104.36876679833124, 426.97639025218604, 489.8331838304105, 533.9155786250054, 539.696635112563, 264.27996884642243, 498.1230233985775, 186.00865693561192, 362.75049767210936, 121.06327665455095, 457.03505618028424, 625.5817891241503, 43.58893308798946, 548.7672416266478, 202.89995881229876, 518.8053838148479, 440.99908869215125, 473.74110228926935, 423.69381546855277, 173.99891999250391, 492.6553553200034, 416.5483123177527, 175.8332210276205, 457.5378829505837, 372.84040842201625, 262.75066146124783, 419.4910282636583, 463.201972311153, 515.8452421610646, 315.0736326991746, 676.5027877827503, 415.9687114186248, 502.5713795734923, 322.83607251025876, 129.20141120193853, 318.8308140565128, 341.862650108928, 45.84169447723106, 299.5868046965487, 432.0290512053279, 686.3519811976444, 106.12433824531405, 527.351687715694, 28.781336967727153, 125.15878235044586, 349.39511075252, 70.94051957438279, 141.27486761710534, 580.783851882307, 341.8153975555204, 134.6313924065876, 269.76299593257943, 686.088953652662, 368.8660563696054, 178.87665872604697, 68.28957906239805, 311.06435727505533, 146.43591542622983, 332.82245703739534, 105.86886017764267], [248.29638486152416, 130.37046522864821, 220.06330405103816, 0.0, 404.9101161177926, 273.79456021062515, 449.6075926832862, 188.16122408126523, 386.03848820759055, 241.03895174639322, 412.4338823311953, 243.77145062305925, 257.29748918836765, 236.153645163189, 225.37653791876147, 320.81975343353486, 163.54209897337049, 155.9614631852086, 221.49051344681382, 79.61007077709814, 152.37274456235232, 127.64422595105268, 156.78474713443072, 208.64824368049887, 413.7878980033998, 424.5783359549218, 200.01391187357834, 383.66658514930407, 243.85594798049746, 276.1593553042864, 170.62524562770585, 418.3180789445974, 158.18656739840011, 195.82584490797106, 50.71074337181572, 416.8610790744072, 120.55998558192391, 147.70502460191514, 232.08697955443552, 127.99837552126354, 244.01037705610122, 83.23202480392132, 281.4826928259313, 85.79320255493563, 343.535782920152, 105.7179528556318, 129.2126675195154, 418.11203822150065, 152.8934559217506, 159.49388367523756, 125.64134441094468, 349.44049247611315, 129.53930653596404, 90.15535879414038, 166.37256527767596, 359.01740788186515, 387.35926390111007, 148.2135090345706, 296.6157122355305, 138.4806074671685, 411.0242758697126, 323.4052431265808, 370.93222797514846, 503.7355517322079, 327.1462893790472, 455.3365470548227, 243.49161580448504, 375.4701173298377, 524.5582051739307, 387.1894150511272, 218.412955100886, 212.89833712494482, 272.1627039517733, 316.747794118838, 323.00633114494576, 375.38078489563935, 329.81230615815673, 327.88810079986365, 179.48176123313002, 102.16880888861319, 270.30105310299507, 426.48631010210005, 263.3326909853967, 418.9227384994461, 405.3315940461618, 566.7753817454719, 243.66622293666126, 513.6973283948822, 298.5189072362272, 376.1727307582867, 284.2847094692936, 197.76485738790993, 84.2972608191932, 318.8217386241632, 197.17464085187692, 232.68917735303907, 412.06321182881624, 367.57966784668, 296.38699032240817, 179.83168983058937, 488.73389234604605, 294.7504916655431, 319.61758849925303, 277.84812058346705, 307.0944655605013, 98.78504691437797, 307.44487151608354, 189.3649617779963, 406.79767370198357, 328.5133932067241, 506.3325941891975, 292.1107225792489, 405.5035825123427, 218.62312833033246, 337.81695710658033, 185.20800906752277, 258.33924199401054, 84.90697854093627, 435.4815525680372, 143.10640025643286, 265.33518222644824, 173.94360786488738, 504.69758926038656, 418.7688315556788, 383.0169455663172, 221.63529306104553, 296.1444062530944, 303.0097300586373, 386.13390209394043, 183.34038876964934], [161.41551377055336, 274.6303056486321, 257.2137574957939, 404.9101161177926, 0.0, 650.2470966246901, 328.6797623158223, 303.3361387545354, 696.5883808185035, 555.0096303529541, 31.11113632571551, 536.9700742675013, 519.5352831579233, 549.4030308686007, 417.2932407328979, 86.18784326471969, 311.46642562980395, 307.0399265725918, 367.06111359358164, 346.3093827285908, 368.55525020309983, 434.2135819244479, 459.9609065673443, 434.45026614411853, 443.13391864560805, 264.89828327057967, 347.77070789837217, 177.28443759763573, 448.35989436469504, 299.0054322077345, 328.69144339637774, 509.27024193600397, 383.80182849754686, 296.94400152344815, 355.48069516099315, 527.0684534659397, 434.3986021383905, 491.3231810981191, 178.124948778016, 455.3592193104008, 161.1424532646024, 476.8796521562697, 322.97598062422645, 460.51125066895526, 63.82377008739269, 321.32670684383754, 453.9508456892168, 432.6444575214859, 553.8271863987043, 248.64842784271977, 519.6412931388608, 684.5481893349612, 534.2254025336324, 335.73053324515956, 529.2608664890953, 656.3783804862225, 688.3981383382012, 548.1710187083868, 320.31210607333406, 532.420835003767, 105.59414444633954, 129.34779407473337, 353.86529040554166, 229.07333665672158, 627.7824022789939, 376.850758951156, 528.356549308472, 390.40590677283353, 249.14297604431948, 298.95362001448564, 190.3321717274135, 612.522324884091, 624.8852410384092, 662.8056865676888, 666.1208244932706, 66.76691876361929, 539.4170075311603, 412.8551946426473, 457.7973764418546, 314.64957848320336, 532.9547234914896, 698.2155215156563, 247.051598416407, 529.0747051852082, 347.46496837155087, 305.4720730863877, 536.4317328526491, 275.7755094165766, 430.67430653263403, 332.4478954091219, 686.6847169120944, 564.410070510201, 403.84733467500297, 470.4111235006174, 455.6056678187043, 518.8963314250728, 290.6034751093394, 422.93680364977575, 659.0735997007002, 378.52679792112474, 722.4165519663186, 662.0702223575394, 564.0789473540962, 286.69920491389433, 129.00732195343147, 488.1540759644715, 281.85387232729363, 300.51108245960336, 79.43443793883064, 410.98837723900766, 717.8375864184902, 152.60246055908416, 502.1374473456512, 284.54656058005395, 179.08784841076942, 427.2766818540737, 186.28021905964152, 324.97202694645927, 575.272076961166, 547.5146961178706, 380.15442672370006, 515.3331794549337, 719.9135266417962, 190.72826027931248, 330.2561307130011, 322.7732170370833, 248.04401253995294, 112.59309173766415, 168.42358871278194, 223.54952524729478], [507.8132017674614, 390.3451328061385, 408.556947838165, 273.79456021062515, 650.2470966246901, 0.0, 720.3229540355899, 360.17003211595386, 475.3096392322093, 136.5547409500453, 664.2212975742194, 410.327506118622, 203.97814678818042, 139.41440862460266, 464.4858682221386, 564.1429915489911, 435.4455189103595, 346.622495121526, 478.41605129809153, 307.1504450785105, 290.84294378919316, 218.36876975791816, 198.65937952887253, 438.6757416008743, 662.7483327601004, 698.1145622750483, 462.66911975662356, 572.6800409700342, 470.21116538421376, 416.4548473159309, 439.2087259551171, 647.275733753422, 278.57217365087587, 467.8773943913327, 321.4085870892269, 638.6174606518064, 217.0108575779623, 324.92736921016717, 472.4731930575556, 195.9470059628944, 493.1412533083589, 190.57960300094342, 548.0520369802579, 195.47879508609861, 594.7865396935129, 329.9770858406841, 197.63764150323706, 670.1950100097271, 209.1919779983114, 405.3374842923569, 149.6412519453898, 419.96125948947684, 188.9929500203433, 363.92216257479123, 120.99136100330855, 472.3651872975768, 487.10889732048054, 214.9053324640272, 419.08477909960914, 137.65129858569995, 675.6998408279787, 541.8416644560795, 635.0626408582157, 776.0081611849948, 448.92384386423487, 549.3569891132171, 177.38592516249693, 633.1171280158616, 797.1848593867945, 658.3852988022127, 461.015176928013, 212.03446977982134, 351.6409817782897, 384.6486310515119, 392.67467863190444, 633.9883345776337, 523.6008432768022, 382.58600586515627, 392.83773201408945, 338.82684613545524, 449.89158511531735, 544.4081053321399, 439.81643643601836, 640.3131112886036, 509.48625155575456, 840.3821106804234, 410.6673043155925, 787.4133558717297, 538.1952135758473, 487.2135615589023, 208.81832525533048, 302.0049590664236, 246.83546990216075, 545.4720828135139, 414.08404107732616, 178.64200636188002, 684.3719144051244, 616.7272865504455, 345.3369250040777, 433.89821890679156, 624.1900404100209, 29.781607098386356, 493.6379811669685, 549.0595666821748, 531.539706121547, 257.54949921393313, 579.0076531838633, 362.88739568381845, 667.7609279458492, 577.3106619574882, 654.7850670292393, 510.52652607402376, 634.6702061343119, 388.62897526010374, 530.8905133907505, 417.6198943061042, 473.26734288348575, 333.32016311413884, 640.5062487761146, 162.7733980752016, 349.31868349682634, 139.00817771755567, 650.8040460605017, 691.238440651138, 495.6630421540158, 362.304939436261, 569.6590488419082, 538.9553488137483, 657.7176165471132, 430.4101380416485], [295.5912359626703, 365.4474922088369, 463.99864830445296, 449.6075926832862, 328.6797623158223, 720.3229540355899, 0.0, 487.6280743966072, 531.4082889883197, 682.0435077145336, 301.31210351819294, 408.2605795212685, 678.1264085570316, 676.6335568114279, 285.6557624092674, 333.9858279211109, 286.0659918333762, 467.50598444424793, 251.36855430160006, 447.6382115235577, 522.3541947750108, 552.8804106914201, 585.3695147408446, 315.27349420156565, 158.8199445927345, 63.874954729622296, 260.52570442168474, 484.90557149492855, 300.5037608100956, 537.6523195154388, 281.1174490822642, 237.8564338419805, 537.8277836729218, 253.8235349659272, 407.8995625262515, 261.78245990018706, 548.4308898264383, 429.88489974008615, 360.8595786920421, 564.074488366604, 332.54034235754125, 531.3350633188107, 174.61742392475747, 534.4697614483588, 302.0333956804904, 439.52749329572697, 564.2332699341983, 143.19209877306696, 542.04061657929, 378.2180577449783, 570.7319568802315, 546.3952342380234, 543.8312484332812, 360.9204942717608, 615.671783801769, 489.0675440254357, 516.3672393921078, 535.0381979395368, 565.6605309894824, 582.6844106671741, 225.9663977420982, 406.13212627925964, 102.34206025266742, 161.60726445967543, 471.5276939384585, 674.7274737955842, 673.4676796512542, 130.56917276035756, 165.1878542929438, 62.56418899511406, 359.8023410846584, 584.2107087537668, 521.0864868359046, 541.6182243157538, 540.8960686407972, 264.8885638822667, 341.40725475942554, 650.0068652874492, 362.70060620493854, 424.21922585765503, 380.47792234458103, 498.79850599409394, 484.13130375189917, 263.0217402186309, 634.3006767418345, 166.6966462890329, 407.6009481076835, 123.4451318220064, 237.1925064556539, 611.2277521930387, 655.9854447281868, 495.2255211416038, 506.0543115780231, 263.9726875954986, 346.03733293986284, 662.2774707174156, 44.5873811033272, 171.32683559260337, 558.2551847032217, 294.14206180875414, 488.9426695029872, 743.164478412113, 383.00338343893486, 171.76344934035498, 390.4232839033662, 475.13799052788886, 142.26781930228435, 485.71168037104684, 251.14572941415955, 192.06218382510906, 469.9051162523841, 405.42256040054855, 237.44580330807932, 490.39887084371054, 465.19898669552225, 327.51019199986706, 414.6804598402945, 417.15038215126094, 313.512389846583, 567.6565226240835, 595.5996249525384, 619.4328072374534, 474.0931203977578, 140.34621217663766, 612.2489668622683, 526.6202424386969, 160.36053924367258, 358.9736664084176, 160.8152842470531, 363.66855877634885], [199.72142071760408, 137.56689237686294, 48.627691627479834, 188.16122408126523, 303.3361387545354, 360.17003211595386, 487.6280743966072, 0.0, 571.7203799599768, 252.69652335694119, 323.4160022979397, 421.39989658097863, 217.17425117500704, 247.17278638056385, 362.75435839516655, 221.14296821506557, 249.71045131873413, 33.68645181914212, 334.7617212557136, 109.4559618703582, 69.341774093669, 142.9368706863066, 162.3092960320169, 358.03410328889373, 511.6412368462493, 440.9579806876527, 306.7688866917295, 215.47348477965647, 390.19469642250715, 88.50704392668966, 269.45371384449953, 541.2419877178162, 82.6660228357919, 269.64524469585166, 166.3269896470078, 546.9299344383397, 145.8071878738433, 332.2003452639772, 140.17729939179182, 166.2130384998038, 168.67067909183206, 220.7594939990206, 358.88004439076747, 193.77939529499028, 258.3709727095553, 87.81426923011334, 164.1517814291608, 510.34767267506146, 329.66800241315826, 111.37759024858524, 255.49367678825575, 537.205015156082, 297.96723201444837, 195.23185380287413, 241.95297910987216, 542.1000454350944, 571.6696636638414, 326.61358337302795, 111.5638267366932, 266.2970289901024, 356.57887316466037, 183.89872411410772, 442.13466665258466, 479.0869464407946, 510.00538159109374, 269.1304795629645, 225.02164574787338, 461.74912719105305, 501.67369447076607, 428.9826357024719, 135.04619699157072, 387.9595285920723, 460.30630027920597, 504.85343226203133, 511.03869696198666, 305.49597955209964, 487.8901539651211, 169.86987563528683, 346.0383039791435, 99.59403133185064, 440.8753816863832, 606.2655562113396, 83.04400066896086, 549.1519449515927, 218.82484067243882, 554.2270008890438, 421.1706438168776, 507.30926412943296, 423.01952769726313, 189.43946143551983, 451.1762456664001, 385.89877946983245, 132.44552803352323, 454.35260880702083, 358.436279801223, 215.59404043050165, 443.5643326529502, 470.0973585503369, 484.15465635770676, 308.4271282985764, 661.614897125868, 367.3561838422518, 488.0875672459299, 336.2913097094463, 176.6067105003687, 286.13908546717767, 358.3050923771558, 2.84083263500915, 340.97889567886705, 436.4915809979514, 674.1108861311756, 153.93679887370175, 529.3629551022991, 32.07051953689749, 171.81019406039653, 337.2931505410219, 117.67259375624056, 119.62806308480835, 577.6712430747993, 299.87306456527466, 109.63836215620385, 221.28142644838132, 673.3994846334007, 402.3328579779595, 195.8709090472754, 42.68361849398338, 330.2658028364207, 191.3149466447382, 366.02551689617155, 123.99543276202243], [543.8991442234735, 467.8452293499104, 596.0881576849592, 386.03848820759055, 696.5883808185035, 475.3096392322093, 531.4082889883197, 571.7203799599768, 0.0, 548.9790229491256, 688.8327780149846, 161.27736292707402, 597.5524019194888, 546.8666734215061, 282.1110381294047, 631.729148499609, 387.9569031637286, 538.3711020186158, 332.87350739341224, 462.4326064000071, 537.1084935270416, 492.8854992539704, 510.73379555820003, 262.3009653209582, 387.9558127136326, 555.0229421184863, 349.26099432567355, 742.1396602991312, 253.28177782655254, 660.2270284885853, 368.98612722631947, 322.25234806607676, 540.6624621222828, 399.6512339151166, 407.2535961758448, 299.93582815547126, 485.22596419583977, 239.5222815265914, 567.1298424308169, 480.45356425698736, 562.8094681831991, 394.2769133220351, 396.72805316478315, 423.95799646381187, 634.5385616091703, 484.7312610860379, 482.8280621258865, 403.2295091918631, 289.1255843691811, 507.5297134913759, 393.3190139270224, 56.578740421947856, 324.3265164276167, 393.0996512543898, 459.4098584389515, 42.76219378823631, 18.885000886815465, 286.9589196626108, 682.0147599496187, 394.12048311077234, 647.4026243417959, 665.7136262130947, 430.9946796068511, 670.8695172099402, 68.81050254502614, 840.5770348182804, 573.9142985851533, 401.0493933546193, 683.0581502538423, 492.66098000967304, 553.9317021789097, 264.34209531787167, 127.95967576771481, 90.66416316268499, 82.64971803643705, 640.8659624380533, 190.30920067424606, 710.616136300847, 242.99623728102725, 475.59832602709537, 165.21616121247487, 76.75351761256665, 639.4351628170498, 300.11783935384193, 790.3656949663846, 697.138017484045, 161.74708667738145, 648.8840455566991, 298.2919754634661, 761.0419342227228, 281.26465197414154, 197.9659222660434, 462.87989042746, 267.55150359126, 241.7169369271633, 566.2034839303325, 522.7842820018839, 361.40474916168927, 130.38354779077187, 318.26946227776364, 158.21716356496674, 504.89095084715507, 148.68005979308464, 427.8163400470752, 645.8481515831793, 295.46095665975497, 447.15066673764767, 572.5594211671844, 658.1941946638414, 340.39625386952827, 195.3234327993265, 639.2883208367974, 315.25558097959293, 600.3916072084235, 698.2841664561523, 269.9908560165339, 613.9615084464634, 455.169485524473, 265.65578320482444, 343.34201299664744, 649.5526573187632, 488.2841727915259, 189.8660677007492, 601.8860905154008, 767.5804227166064, 607.3452332826461, 469.37189210072506, 628.6274607116488, 587.1586971748651, 522.5174477526018], [430.45968529902456, 323.26494489704515, 300.7071021049357, 241.03895174639322, 555.0096303529541, 136.5547409500453, 682.0435077145336, 252.69652335694119, 548.9790229491256, 0.0, 573.3416211674559, 447.34350083030193, 67.5741101487422, 5.698926877993101, 463.2912294137885, 470.9357158355846, 399.30020329450065, 248.9842010328258, 462.528268808514, 236.92004025010414, 186.57921851395415, 130.96830482989643, 99.56505458352713, 443.04753210428095, 654.762556918019, 648.9999342818121, 440.6858550224252, 454.282346162205, 477.80155401018357, 292.6712206605342, 409.5323234795835, 655.6942861229742, 171.2078187657786, 430.37138527107214, 275.307805344141, 652.0228037520252, 134.40720765038242, 349.17085018417237, 382.96456948319064, 117.97276443659203, 408.0031217848, 174.89553131093592, 519.9547255239024, 157.1709932656498, 505.93075144989785, 251.53179350302915, 117.82657066912304, 659.1460478976361, 260.174494462835, 325.8333935816611, 158.5599198869871, 497.89741726149805, 226.319259385829, 323.2757836373687, 90.98338446601318, 536.2591749006292, 557.1818496304896, 262.94608104992597, 291.01580145419206, 155.57098221717726, 597.4863161768457, 436.1758812234369, 609.8322193520528, 710.4454904798623, 508.1330503768546, 413.7719973143767, 40.87301180660326, 616.1568187378831, 732.6043349104044, 619.572105191778, 373.8273198534184, 291.5301042829929, 421.020115692455, 461.2418185018396, 469.1731405943976, 550.148050098099, 551.8132688562664, 246.70164343058215, 405.1450901288648, 264.7345789888843, 482.78652431337014, 609.2460129241096, 324.70534754614073, 653.9858339482532, 375.35117491814333, 780.8968806352588, 447.4957295464941, 729.9989638061012, 537.5680635438006, 354.423493462835, 317.31022029072767, 355.27464918318515, 176.24107721795943, 554.3479624349486, 425.4763198081196, 43.664330851792016, 641.7270472468913, 608.4991396581521, 425.83148811652273, 420.51083125780707, 683.7075025741212, 129.89468516495214, 531.1282437464695, 511.94669499204326, 429.2872776154655, 275.9572515854485, 540.4021362712683, 255.53695465096868, 585.3190120871861, 569.3124233679927, 709.0464461744922, 406.6097299389855, 642.827351767827, 276.42913805999643, 415.64738199226855, 419.79974384446706, 370.29943546206727, 267.2282550260531, 664.6557672962604, 205.69107518573878, 218.50492867300244, 68.83303267358976, 706.0756583683399, 627.9848607756838, 362.87476575651567, 243.9764996546258, 523.2360295653784, 442.45940356705523, 592.4400928536805, 348.97401696882264], [164.89795598615072, 282.24101869620864, 278.6720513430091, 412.4338823311953, 31.11113632571551, 664.2212975742194, 301.31210351819294, 323.4160022979397, 688.8327780149846, 573.3416211674559, 0.0, 530.5617611076024, 540.4389114715229, 567.6948808687013, 407.7521321930095, 102.47911350722902, 307.63868806282403, 324.46915969160654, 357.08746099073085, 358.2046374567692, 386.79251101015086, 450.07720635153726, 476.93401789325515, 426.58382627016914, 421.1776809101018, 237.4372460044969, 339.59393167833804, 208.15426095039422, 438.2569142357274, 324.9425032522588, 323.50308593371443, 489.3758261879123, 402.372072147658, 290.2453143283017, 362.26405597912515, 507.9599279078186, 449.7932107574622, 490.37214212458724, 192.14850570772074, 470.5880879088288, 171.50196743650073, 487.04903144873094, 307.69526863530507, 472.32926694070994, 69.63975823988861, 334.30774201061917, 469.3132140907905, 410.08487251298686, 558.833929083733, 259.7733959927161, 530.2173259319518, 679.2505044957868, 540.9876220218414, 338.71934268226875, 543.4193024745604, 648.0125574492976, 679.9081552791886, 552.9572854257884, 347.183701098519, 543.1136714314351, 76.17250328238791, 155.92974761415076, 332.11073992114297, 197.9625760120199, 620.1352895630664, 407.7483171401816, 548.0983600616013, 369.29270358652076, 218.05869265426122, 274.80091446249116, 203.2247431803215, 616.7882242501904, 622.1511574230733, 658.8833050240114, 661.8529969650647, 48.5776048959599, 526.6615708291463, 439.8492068933274, 452.8327477719846, 326.38374837323903, 524.269451988268, 687.1742036917788, 271.8714633924443, 509.9172038228319, 377.7906471273209, 274.41220751055397, 530.0024994376373, 244.83952676905804, 416.063991432972, 362.20548095677685, 691.5790834766627, 564.0839388187858, 417.3898377787283, 455.6426569112407, 449.22150286608564, 538.3754297903604, 264.5397500801586, 403.2972862080936, 657.0370275867222, 372.0150990841827, 708.1917040007384, 677.1673847755468, 553.2570034554628, 271.77115746301706, 152.9802716565385, 491.84831012110783, 264.10657683658735, 320.62189796908774, 50.29571103707947, 393.68634487021103, 702.1022762363561, 176.4140406409483, 482.7727007664149, 306.6313895674311, 208.16863301591215, 421.0120076529914, 207.9794957197588, 335.0827556497176, 557.0159872755021, 555.5108093538461, 404.8755084285042, 531.0155768966872, 704.4099595888108, 162.10630703810725, 360.2203508044721, 345.45575267454484, 231.688959868781, 132.29562306596128, 142.44366017303267, 234.53395279844395], [382.81288798041567, 309.004111773868, 441.29078593469245, 243.77145062305925, 536.9700742675013, 410.327506118622, 408.2605795212685, 421.39989658097863, 161.27736292707402, 447.34350083030193, 530.5617611076024, 0.0, 483.7662574653402, 443.97331077820286, 130.7860391598253, 470.62786879251667, 226.9618451523998, 387.7195561513172, 179.5548708117751, 314.0426633596406, 395.7320175129489, 364.2124799103297, 387.85102100356585, 105.84789445025869, 291.12063905311214, 419.4415560683192, 191.84375875835516, 582.1735559393262, 108.54044652640486, 509.36008471913726, 208.47413580731538, 250.96092927700676, 401.9572570397385, 240.3783988743145, 255.07974405155196, 237.0607686181858, 356.56081269927523, 100.10169258846932, 406.38907126577885, 356.8593214384789, 401.567416273095, 275.71281592535024, 251.79624862608884, 301.1616140972773, 474.41570224480205, 333.58845960825755, 358.8729027906279, 303.55694587025727, 201.2643882803654, 348.77678187774865, 289.81151860131075, 149.79470236073192, 226.81136632366017, 234.84452669669835, 356.84301377363516, 124.48014299624286, 156.09242301893315, 195.8521636155454, 532.8707441333773, 295.2827386854611, 493.57548110191374, 504.80391598523295, 306.08369171341104, 531.245000809272, 93.25670187697143, 690.1897888027689, 463.8248496573258, 284.729394257049, 545.9219113190929, 359.6747670682935, 393.33255255879465, 212.64023412113673, 113.16299772251844, 135.9256383875257, 136.73811429609063, 483.0954461253778, 114.44944178378263, 571.4485219157301, 81.86496527537763, 322.77159285783006, 40.404112585951886, 184.8704344884502, 484.10826851925754, 238.4068997249546, 639.8568440889034, 567.8366377366821, 0.6601809903932513, 516.4918940098441, 173.12417934407273, 610.4377680836934, 269.6907729020263, 112.15322384641911, 326.57798647098736, 158.8894470788572, 81.39233186662845, 454.4655392296489, 390.51381969820096, 252.0472990688653, 150.08227297290318, 158.59394981841731, 245.17718088287583, 439.46225905182, 84.3986323902985, 278.52750589341656, 484.8517900661541, 171.90111795397598, 301.7467522165939, 421.913103429011, 502.44662423561005, 219.73786015487184, 264.9735022601612, 478.81528215262506, 239.52731403216424, 448.300711130905, 538.8159710770462, 109.70072112452176, 454.52802918911067, 302.35011073607, 231.25722684032587, 251.92066262755262, 508.5208377690067, 380.24968968845815, 262.7911057124293, 456.2362995586466, 616.5069156928837, 459.6014693930525, 318.8891895566553, 467.36060147717404, 437.46672016052963, 362.5741609558726], [409.242565898283, 313.07689590717297, 262.3244295633381, 257.29748918836765, 519.5352831579233, 203.97814678818042, 678.1264085570316, 217.17425117500704, 597.5524019194888, 67.5741101487422, 540.4389114715229, 483.7662574653402, 0.0, 65.42502639549159, 482.6110130944773, 438.28572201566135, 403.36111147573155, 222.05564461002132, 474.7833865100103, 231.38386277567653, 160.16510536983296, 131.2214262770537, 100.5312813117778, 465.5689664522765, 666.7074642276325, 639.7071779895247, 450.58941284938106, 403.6863725525299, 500.7689140667629, 240.3058044703043, 416.61058453424926, 675.4532814461655, 143.9376566252035, 432.5186318993965, 281.0763236194209, 674.1439533474188, 137.59651215703207, 383.82861018771735, 355.2132296937807, 129.95134404349386, 382.3992521990155, 208.28039773620927, 524.4328074111818, 183.09364806019389, 475.460857486988, 238.9215407678155, 128.45438755899283, 669.5203176485991, 309.1152182648848, 307.37492780995586, 204.4009856455841, 548.6838456735773, 273.32906162623533, 328.69183465809857, 140.62602321011664, 581.3687886876054, 604.3208183793236, 310.78707674397725, 234.3792317559265, 204.8776770024132, 572.153391372058, 395.50603335419015, 613.897887186016, 691.0771484349584, 551.9197598529055, 348.1242515631431, 27.60262568445821, 624.3030525386474, 713.5452563398796, 616.3475110644002, 348.0011410243564, 347.3738991665666, 470.1813097891241, 512.1238695042089, 519.8930561117701, 522.09149802316, 582.2179492804959, 181.06934604781733, 432.5106807925668, 253.99622958134927, 516.6366545620886, 653.7528053472263, 279.326266941723, 676.2007645952417, 311.47686602943116, 764.2076887914276, 483.83887027453164, 715.0185334651688, 555.2400717645783, 292.1060525088308, 379.87089981026384, 400.6430473992791, 178.83812082575213, 576.0920848124758, 451.73075079040217, 31.890487803972537, 636.0760454046726, 621.0970644899915, 478.6339202464744, 435.40530990043686, 725.3028676244106, 195.47277928836596, 565.8548074867675, 511.8722989230317, 391.2414732623829, 312.3714430178087, 538.8489159317749, 219.94180300092148, 557.5699384328861, 582.7703108320708, 748.2462932111571, 367.8761172930143, 662.6602136124499, 235.41204199595552, 368.0979843171712, 442.0959919395995, 333.25526288469075, 261.5704234384912, 691.4605006587329, 256.2460154816621, 160.45122604053023, 109.76566264921783, 745.7204985540918, 611.0504362867547, 300.5065490174467, 198.82256263232173, 517.8197360942379, 408.18690179131136, 574.9053292454531, 328.0818249303279], [424.76355584828724, 317.6499857315076, 295.22451195496893, 236.153645163189, 549.4030308686007, 139.41440862460266, 676.6335568114279, 247.17278638056385, 546.8666734215061, 5.698926877993101, 567.6948808687013, 443.97331077820286, 65.42502639549159, 0.0, 458.7561555409303, 465.2950239164396, 394.0615184712281, 243.3219613156589, 457.6407289730391, 231.33813509468098, 180.9458655562235, 125.35422921270903, 93.89341445596459, 438.68476453974466, 649.9204376901238, 643.4607803439566, 435.6866473321302, 449.2111324890398, 473.48331619961715, 287.78979768381856, 404.4063346267691, 651.2507384236177, 165.60301063707192, 425.08292131726984, 270.044569244544, 647.7152849045722, 128.8529313824857, 345.5828032935597, 377.2837770788855, 112.58830573336648, 402.3089388187808, 170.897259983678, 514.7743844360929, 152.59508377073988, 500.261962986858, 245.86452900888594, 112.40075490556458, 654.2344650280062, 257.9001183700595, 320.1411445178729, 155.67531502155623, 496.0367519440672, 223.75628867882503, 318.03978705001043, 88.15929532039932, 533.7545759021779, 554.9070354146812, 260.5427916803672, 286.4464063159966, 153.0970236626078, 591.7877533695997, 430.70689907852824, 604.659179897241, 704.7695332893065, 505.4788458638937, 410.37015895741837, 38.1563039710123, 611.141430578455, 726.931615910155, 614.1719015634311, 368.135987970679, 290.2589136110907, 418.92045870821363, 459.3774306875475, 467.2917164465677, 544.4590564579748, 548.0206599283478, 243.38193668175154, 401.06507055956996, 259.09165823423785, 479.2251293994068, 606.7029277305824, 319.4424481846414, 649.6844292088496, 371.58471291868153, 775.2496641717754, 444.11891177061426, 724.3707845334806, 532.9752215652202, 350.4208426367175, 317.3612316165706, 352.69408959512134, 170.75924489451987, 549.9884192827917, 421.3359521773198, 39.701208333231044, 636.2677068139459, 603.6760796718759, 424.2045583616081, 415.7258992624233, 680.8935665935306, 133.74642290403722, 527.6589989711675, 506.61483426085147, 423.7519391335021, 272.42897367505526, 535.0337214958513, 250.01290723144206, 579.6273966761687, 564.5188240443523, 706.0154409707286, 401.09651766926896, 638.3846778887811, 271.0392030801492, 410.43640284854774, 415.41019926839766, 364.7563019958617, 261.6636262897115, 660.6477194209468, 203.52532682044645, 214.15089451094516, 64.6799011300893, 703.0843771673642, 622.3274812216125, 358.87494917280713, 238.77069321444145, 517.7634017323376, 436.84670381298207, 586.7747127591969, 343.276037687011], [272.59499055711956, 230.13392807588477, 369.31768733508414, 225.37653791876147, 417.2932407328979, 464.4858682221386, 285.6557624092674, 362.75435839516655, 282.1110381294047, 463.2912294137885, 407.7521321930095, 130.7860391598253, 482.6110130944773, 458.7561555409303, 0.0, 359.1313821205082, 123.0384117319064, 330.5298819335002, 50.801387721874754, 269.69992793083486, 358.53034836386325, 352.1756794180026, 382.07973289019134, 29.706414484853717, 198.2858294988667, 290.5804148076938, 71.01494902760683, 486.5580650053988, 31.86117106600394, 444.9628094421864, 101.3515210634967, 192.98125187034114, 369.3113630041066, 123.5115519495683, 209.11427789881566, 192.0015702833545, 345.3751996818517, 148.45566232061236, 309.71993031325627, 353.3119356719882, 298.13831968803055, 290.93068293944555, 121.38341627969366, 306.16352236417265, 356.79928934627367, 279.8334647696965, 354.5710636684687, 206.2508382443734, 266.7702299789891, 267.2464386000368, 321.27514559596324, 279.5935764412093, 276.93799030877517, 168.84155533243364, 380.2221104091471, 240.64301587218074, 272.3834980970838, 259.8866495199421, 471.56828394636926, 331.01947090423204, 365.5168905610656, 404.05606511886964, 185.94662414744474, 400.87408359430043, 213.95523329125916, 621.6501495866044, 468.6348619710938, 173.60509674110503, 416.01325567200064, 232.63062827532735, 298.3538726943022, 302.0172036721208, 239.53500802063826, 266.5475644443908, 267.51983714123327, 359.49339070170447, 131.27075234050997, 528.2530813717271, 78.31005069891766, 265.32679348214134, 116.92273809849367, 281.6056265669893, 408.6789363148312, 194.10761700945415, 572.1877250717878, 440.2480780516239, 130.14715139061377, 388.08943007734507, 74.72302747133722, 543.312935149087, 371.67290870008196, 209.7679670608127, 306.1136381093083, 94.47549769730085, 60.41388682674867, 457.9195458971959, 263.32831294470014, 152.45383361476377, 276.96127184278043, 54.427334005788936, 315.56074635034497, 490.96681256127795, 147.70216817260933, 147.94439721893707, 383.58411149804766, 207.20597878848642, 171.03447589010563, 362.42022005027025, 376.0935304346578, 113.34728818406622, 320.1102083623861, 382.1846026570973, 180.15198835892866, 383.6027212435586, 446.5366069487826, 47.00978109364978, 364.65266237266536, 247.27112605437762, 215.99677088180763, 302.78384801052607, 464.74945847280264, 394.7085159467911, 320.5422717778233, 325.463449284317, 548.1353977883742, 404.79025865639204, 188.74771210320856, 361.4753780252544, 307.30098319912685, 273.66648171261977], [87.83050735027697, 191.20657855782204, 177.27657641827122, 320.81975343353486, 86.18784326471969, 564.1429915489911, 333.9858279211109, 221.14296821506557, 631.729148499609, 470.9357158355846, 102.47911350722902, 470.62786879251667, 438.28572201566135, 465.2950239164396, 359.1313821205082, 0.0, 243.7843806941515, 222.188938664345, 311.04811397614895, 260.2786613369395, 284.3647355623998, 348.5734194009417, 374.8914316227531, 372.2987448617768, 420.696068055087, 273.8246125917504, 288.13932783650324, 152.25848122347827, 390.925657603179, 230.22473451982347, 263.221127565127, 478.14170695511564, 299.90938546353766, 235.6843412354696, 272.17645391408445, 493.0333269360965, 348.5830976869103, 416.1199519412382, 91.9500501975289, 369.4982206406905, 77.11000481257526, 391.229598700118, 282.4633117287758, 374.43034478126566, 40.05035270604144, 235.15523439180845, 368.1323599093296, 412.76514799195127, 471.3105094481469, 163.06240024204556, 433.8234582137217, 615.1833086710659, 450.3484956395892, 256.6058426750895, 443.16800093886474, 592.9813358635884, 625.054781932045, 465.8663538419392, 254.82313301136062, 446.56149023699163, 144.34112046652618, 72.69145621954422, 333.32255551722693, 274.3017260267602, 563.1339727094016, 341.84577604465676, 445.6528595673472, 366.2704789470693, 296.4552253670186, 290.35218295617983, 104.33671998388093, 530.5368758452978, 551.5770888036977, 591.2121544484934, 595.083216832869, 89.88149013640255, 487.0338622709975, 346.860314232417, 389.5666225132508, 228.6908664658407, 471.24846452731845, 640.3011417409016, 175.35460670058308, 495.16816905573546, 304.07947428829556, 352.1653636627476, 470.1345601492777, 312.5504762237039, 384.9709223654607, 283.66988170726074, 604.0016139031924, 487.8813359243852, 317.66798612759766, 424.35179348378824, 390.11190480747524, 435.90671479153644, 290.999637720732, 392.74754697242236, 584.5554841967904, 314.57184039646944, 672.068712000381, 576.2211170015391, 506.7700854138068, 246.91678079513335, 60.09293551531081, 407.11823384133163, 250.950883999665, 218.3624566868144, 124.11673901136287, 373.586942950206, 671.5687170579334, 80.853051131831, 469.3587013329295, 205.63657179613625, 132.02741787096986, 361.9511356866594, 107.47248891950063, 239.59096510136268, 537.826639046713, 462.8153032314324, 306.820798148073, 429.6510001414202, 672.9913027367957, 211.9545537768682, 283.4359160834792, 244.87335473655165, 215.0