{"TourSize": 137, "DistanceMatrix": [[1.0, 808.3989855038931, 1161.7844128934944, 1766.658220411567, 2993.3929087501174, 2869.8066380634127, 3092.5620119389037, 3473.2390297292386, 3240.349624596129, 3788.516092902234, 3071.2001928859163, 5034.959716609102, 4989.148963230785, 5053.944477934653, 5005.715276516188, 5482.2473183742595, 5536.988937872581, 3186.8802149724847, 3326.547262882944, 4153.805564406793, 4213.304483108805, 4722.758524794141, 4894.7825046214375, 4204.425161126096, 4962.936293596967, 4533.630438075895, 4959.459937559831, 5313.966906408105, 4270.718824519988, 4409.013699133316, 4685.301095315489, 4948.926613195708, 5222.989612053146, 5525.453631228454, 5887.840184909713, 4792.152861767528, 4917.571285008484, 5145.461858167221, 5517.7223544780945, 6048.661531758254, 5036.072402434171, 5312.368569511911, 5309.7612346045535, 5860.736089066726, 5458.522951935242, 5519.93525634342, 5558.641795113985, 5597.665139538056, 6309.727841708515, 6835.706141546504, 7008.522709642645, 5654.438829960722, 6063.430842525152, 6151.585554851499, 6596.0640833648185, 6501.091202970258, 6583.770944251289, 6851.290269453989, 6919.205854539842, 6939.530431127623, 7097.089886072443, 7179.4612691203265, 7207.255271240939, 7005.895682614623, 7419.308957069174, 7642.217655176118, 7785.664249291017, 7811.551583390147, 8049.5564206009, 8359.833694411649, 8621.204951849058, 7033.16359529272, 7195.025915216808, 7592.167476561669, 7768.286399105516, 7871.882974947423, 7965.730690709643, 8100.351940692787, 8684.352937350037, 8893.78420708459, 9084.993072386611, 8668.656130038864, 10009.4803194589, 9816.13337832364, 9609.069069507761, 8908.358871653776, 8723.589892106627, 8576.677292339546, 9047.445634008298, 9274.732131020577, 9309.740475143915, 9205.96707923583, 9556.668414511742, 9705.214155723135, 9716.168762537087, 10116.66726618719, 10373.010384215475, 10857.273372048552, 11189.360109128178, 11507.996457487112, 11638.747281853164, 11952.637949569098, 12047.502595971924, 12308.906630029165, 13319.858802392348, 13588.012137466669, 15306.783902288827, 15603.099634784252, 14153.24128890074, 14315.593038187822, 13971.863218773095, 13867.689036166588, 13619.041646762073, 13334.332867395053, 13325.277021623175, 12822.067315403496, 12929.649719468238, 13659.549872262407, 13494.744129164315, 13244.90323728188, 13140.826222073896, 13192.073205949251, 12918.54867560455, 12854.56091241504, 12535.428332687106, 11972.76881451192, 12327.460856356487, 12281.605052914705, 12304.288528351519, 11895.48495974747, 11643.57201420892, 11318.978607407407, 11323.345886297806, 11002.449944957245, 10746.913664570098, 10521.598776274648, 10976.855799568131], [808.3989855038931, 1.0, 419.9431354238977, 1007.1335232340901, 2257.5452013448266, 2280.2745124207277, 2463.260888270595, 2943.373619128452, 2710.1784934721454, 3338.822920520572, 2804.8752146893353, 4722.141511720686, 4736.648020946618, 4827.111250229166, 4819.0451327046285, 5361.601984973594, 5564.584330613286, 2447.2204372068604, 2631.101032680127, 3384.5471915697663, 3437.259641563196, 3960.7423719354188, 4135.970857348554, 3515.152637259789, 4240.147040011354, 3902.766131573781, 4287.574010765392, 4629.121268065018, 3842.8115898258907, 3949.3755353903516, 4161.214576601992, 4422.319627727618, 4641.043225910446, 4935.4011020214175, 5296.157148905335, 4374.50537413521, 4492.660955631959, 4662.130232904813, 5013.1926407761075, 5511.756745552059, 4668.187549090981, 4955.2449224236725, 4896.940773307231, 5409.812139699853, 5230.452835966152, 5242.917549321867, 5262.170325856728, 5270.198915419729, 5867.238423256694, 6382.745977081949, 6583.701241429407, 4961.107953719485, 5380.710080677829, 5495.527459716425, 5948.570869241044, 5826.856478435871, 5886.441617946453, 6183.0828391388695, 6257.7171449100615, 6292.011129030972, 6414.928623499734, 6523.8323425570115, 6588.119568448477, 6429.9618960771195, 6842.674734847492, 7032.684833718859, 7184.846365293161, 7230.916421046621, 7470.38468611654, 7793.3789316612165, 8096.107049067949, 6542.367839342242, 6726.561246205422, 7157.405489671682, 7312.4996115139775, 7468.867630926, 7590.347012323746, 7769.279000748788, 8393.136980771673, 8612.59733510082, 8768.540818118554, 8272.508036038495, 9776.946791316663, 9552.898881001043, 9313.935907552357, 8527.480705771215, 8290.394363576923, 8109.967103076031, 8551.928362233386, 8788.071731181311, 8793.148838332932, 8545.675608598869, 9008.729303928742, 9150.605412506262, 9148.34331704874, 9607.220859731193, 9791.623663600581, 10280.011940384837, 10653.96464745024, 10965.350740769207, 11128.749715471708, 11487.946604121453, 11548.147765059086, 11747.67815652016, 12715.14927968375, 12950.758981457133, 14608.313742653854, 14994.401453936169, 13592.689915240608, 13798.059141797756, 13490.777186253948, 13365.71197422506, 13104.821623405083, 12795.045777738813, 12738.230561239268, 12295.067434058952, 12486.805187485812, 13260.82563913717, 13141.309403329142, 12896.299987444967, 12835.096071143911, 12932.490824242654, 12670.313486209205, 12603.460761039327, 12151.73769206036, 11597.055074383712, 12027.470367228767, 12003.060617970354, 12162.789715852261, 11828.715309673762, 11583.913166505969, 11225.46782063794, 11165.879017001598, 10838.96978414869, 10534.552948487039, 10159.961920551905, 10545.1999780884], [1161.7844128934944, 419.9431354238977, 1.0, 920.8546253954936, 2132.874789961586, 2309.84265846885, 2451.3941963660995, 2999.2534748845283, 2772.085136368805, 3440.2973471385353, 3020.129311814196, 4881.537722084785, 4926.610827694701, 5028.511634922216, 5039.218858024854, 5605.721568628464, 5864.934478964084, 2312.021977322312, 2547.065002839819, 3188.103011891892, 3228.3032028077682, 3770.3553868573135, 3948.94722429786, 3420.9162063976896, 4099.674242905889, 3859.433760682954, 4201.2662473470855, 4526.445307270478, 3948.7308610983946, 4033.654206153385, 4198.744448343208, 4454.608297052139, 4629.320456514587, 4914.169948334381, 5270.221654403056, 4478.930904133074, 4591.146232443871, 4721.301806121638, 5054.161580672977, 5525.206824326182, 4798.080061627367, 5087.949423667439, 4997.9842240818625, 5482.091508079254, 5427.226455917117, 5415.38680370335, 5424.444972748406, 5415.9612752264275, 5940.698674268512, 6445.468278937036, 6662.3723838176475, 4846.859641425199, 5273.945210869616, 5413.237533488856, 5870.707441458399, 5725.20684184792, 5761.530154677039, 6084.817451444198, 6165.196709597161, 6211.834674217223, 6301.99716319737, 6434.99039127959, 6530.257864996604, 6407.345653796784, 6816.754711955166, 6979.895342578198, 7138.094049267681, 7199.526790081227, 7438.6758222265125, 7769.302703632746, 8099.82532457491, 6579.370652022699, 6776.847745620209, 7225.93010974694, 7366.8671495873095, 7554.50897152354, 7691.321685993644, 7893.948525213538, 8535.386206262592, 8758.81214977916, 8895.152018492812, 8357.18392450042, 9941.429943904113, 9703.075777300894, 9448.82455629553, 8619.532924205041, 8352.726159415783, 8152.398376707713, 8573.039795462726, 8813.670806616075, 8798.764694396592, 8442.238165743665, 8991.387195244717, 9127.75324856358, 9115.929646293174, 9613.225299155694, 9745.934036690946, 10234.924802480155, 10636.735475866566, 10941.440489050361, 11126.119768795244, 11512.52116480561, 11550.153597267701, 11706.477761022748, 12636.795105304447, 12845.967633825408, 14442.114370636922, 14896.55810630603, 13540.4763972735, 13773.276629510816, 13491.818937991598, 13354.339233555846, 13087.32219131194, 12762.849478105994, 12672.793234490036, 12274.30999166017, 12518.706431417402, 13313.582281221315, 13220.8732812886, 12980.365227203098, 12943.111823681857, 13064.197143024516, 12809.706869243628, 12741.837156394626, 12220.948403272956, 11674.333595219961, 12143.983651696519, 12131.09774101641, 12357.812683127393, 12059.485655667562, 11819.085768167783, 11447.667689639067, 11359.133430150052, 11031.180331964264, 10704.874663662562, 10253.656137300746, 10595.630130636206], [1766.658220411567, 1007.1335232340901, 920.8546253954936, 1.0, 1252.0696410402022, 1406.1156996069099, 1532.83465828514, 2102.0725456929827, 1881.1632617572727, 2570.329215880813, 2305.878097404796, 4052.055141496729, 4133.465339180762, 4249.7657089633, 4288.121153520495, 4887.130400850423, 5258.38956629682, 1441.1507593315514, 1640.3663257516675, 2388.870705005272, 2447.6655542253798, 2960.822537332348, 3134.637189740969, 2521.676894720148, 3234.739870492443, 2942.214161163045, 3299.144007150899, 3633.7082611158667, 3077.151243108937, 3145.754360509378, 3287.30814047834, 3541.007300969281, 3709.4671355520845, 3994.7265846875566, 4351.324943316177, 3602.1971148751845, 3709.446170185356, 3816.741838480113, 4142.048264743116, 4606.648236768873, 3940.0168061119334, 4230.407328028033, 4115.934948152089, 4581.448547989257, 4637.969486279704, 4596.016755169968, 4593.644011315787, 4568.390351723721, 5039.496561590172, 5538.66304511852, 5762.1182143264205, 3961.900573290479, 4384.4610741557235, 4510.5321210676875, 4966.396550612922, 4832.982297465781, 4884.864752610133, 5190.911745195711, 5268.201410710885, 5308.816129201832, 5417.24406122969, 5536.287006883343, 5618.894145775513, 5488.466912076357, 5898.394129929496, 6067.258196634078, 6223.896069479201, 6282.113776564152, 6521.403308465033, 6850.982342258434, 7180.00610552954, 5664.339933974623, 5865.243008751964, 6320.2385635438795, 6455.894611527737, 6655.972573634377, 6800.777426412166, 7018.358838061623, 7671.463043487361, 7897.486976314283, 8018.36039651838, 7456.854491124984, 9092.458784951672, 8842.27438501998, 8576.657050364245, 7722.3842354872795, 7443.346893711094, 7237.4646945247705, 7654.265538156999, 7895.359449529837, 7878.9507962885455, 7552.762026228396, 8072.564002929463, 8209.630539054058, 8199.359948733189, 8693.386961880682, 8832.614342590623, 9321.648647189282, 9718.256463121821, 10023.96590914126, 10206.495317478366, 10593.396371207644, 10630.383932479133, 10792.817694681466, 11736.612900287686, 11959.566789115881, 13602.689183698432, 14007.791675841854, 12630.908374509087, 12856.968113590034, 12572.296538487959, 12435.855214878718, 12169.545391437607, 11847.558083706255, 11767.294094299647, 11356.749170725669, 11600.042677094647, 12397.778374133231, 12312.39492960151, 12073.78675369685, 12046.98674920266, 12181.196132404548, 11932.42140230493, 11864.037350088265, 11310.194989030122, 10766.822871673376, 11253.91869540636, 11247.984541025395, 11530.423901556105, 11276.833308176834, 11043.839155045996, 10656.669171569623, 10533.925326155648, 10206.138797129695, 9858.847172784266, 9354.814695424919, 9681.029990519082], [2993.3929087501174, 2257.5452013448266, 2132.874789961586, 1252.0696410402022, 1.0, 822.3160925560246, 674.6580202734701, 1329.4804755849066, 1203.0180151551717, 1867.3404268182094, 2145.6045258382674, 3363.8541164283924, 3544.167872862666, 3691.0506433212113, 3795.857893005292, 4434.254134385446, 5011.840293180513, 195.34886489177927, 460.00356084526123, 1197.2756589821686, 1278.8069273141775, 1741.7165766071323, 1908.8799170234083, 1293.2320147215855, 1983.6990796221883, 1781.2268467910826, 2073.8062124123094, 2394.580515532332, 2310.3142286275834, 2299.456910911948, 2292.460849008585, 2518.1237610507505, 2585.439607317232, 2847.7753924271465, 3191.372613569972, 2775.5979879176607, 2856.0262500416347, 2846.748760964461, 3113.3158538504267, 3508.185017248457, 3164.990331368748, 3442.448419124932, 3241.992681406581, 3609.1287487331456, 4030.0477461088685, 3908.739594829743, 3873.445759437464, 3798.1115683629428, 4053.8512892368576, 4515.856322219401, 4767.721145336171, 2716.566269497893, 3142.464448225375, 3284.397785084544, 3742.684735280517, 3593.4015689259872, 3636.1249249838834, 3952.944657590299, 4033.5461344971054, 4082.557820078877, 4172.324224332177, 4303.655143524441, 4410.85118746285, 4321.175901040797, 4723.837177225416, 4862.458586243485, 5024.43322886491, 5098.794051460994, 5336.493890598901, 5672.976608005352, 6034.35310185562, 4588.720047179753, 4810.765959336787, 5292.528027492583, 5398.747025523918, 5656.231013321879, 5830.41894825112, 6096.183410470554, 6774.7567555981805, 7004.806298496219, 7078.191037450209, 6440.482639939025, 8215.669497426808, 7937.674504793912, 7643.351806566219, 6715.939420425141, 6385.824713165069, 6148.756398899583, 6528.7960219526885, 6774.2302853867495, 6730.849733893356, 6311.346238795864, 6896.162312554193, 7026.774091265799, 7006.944440036166, 7540.683959988741, 7626.489001828613, 8114.911868293007, 8535.304359095142, 8833.628010795088, 9036.31271429082, 9451.52743522305, 9463.082277059955, 9585.909746419251, 10505.033400896495, 10716.963167514734, 12351.807693883891, 12767.059104633307, 11412.821876466545, 11657.058861692765, 11394.925533435953, 11248.172223786629, 10977.709255262494, 10644.981086663394, 10542.60138719672, 10164.912018236231, 10460.126460628067, 11276.369464711152, 11226.647746254981, 10997.137179777537, 11006.947515222093, 11178.570147753766, 10947.8274670412, 10878.790080134286, 10220.662651853569, 9694.829018793154, 10239.54904850242, 10254.22799151123, 10669.594514796854, 10513.293464901231, 10299.376378095722, 9887.367979218765, 9693.012499652179, 9370.607297285384, 8978.757136914508, 8326.990782117937, 8580.04699959924], [2869.8066380634127, 2280.2745124207277, 2309.84265846885, 1406.1156996069099, 822.3160925560246, 1.0, 282.45509120904876, 698.213311160533, 487.2524102041619, 1194.8556290882134, 1324.6409895515817, 2708.3184705679787, 2839.8927506092555, 2974.9651399832474, 3054.804168219466, 3685.673648183198, 4215.286744315847, 911.6613051295542, 711.7373764024786, 1776.2224202115842, 1883.5332859026094, 2204.3409127990462, 2338.6949243588715, 1429.0339390981517, 2241.2892780182133, 1668.182393477397, 2124.571276897456, 2491.4401030974786, 1691.7726700246321, 1744.5921899914463, 1891.4309202938466, 2149.51642466316, 2366.4870240483574, 2664.877375165178, 3027.052549735726, 2207.9820665244238, 2310.939765920896, 2413.2778205789546, 2746.753154846209, 3233.254748184605, 2562.339873108227, 2851.2126739716787, 2716.24452739092, 3176.698830991465, 3339.562916688633, 3258.0820986472854, 3241.608155266012, 3197.43303301415, 3634.946879414375, 4136.901514103783, 4357.432301172513, 2839.5721442513, 3227.67727487994, 3291.471774557097, 3730.736431970641, 3652.7154020913335, 3762.346551268933, 3996.1595855773894, 4059.476747562206, 4073.6112719359, 4252.623461323849, 4316.098001597126, 4339.242579014321, 4155.8940381787925, 4569.302524367446, 4776.6466600728345, 4923.2292429945155, 4959.416250843316, 5198.583196277206, 5517.909956716073, 5817.159697166481, 4274.351427846952, 4468.557609386085, 4917.798842933597, 5058.268444800229, 5251.065655021049, 5396.068023234357, 5618.630184629677, 6277.413393785942, 6504.717412107472, 6617.396346655942, 6052.350964992086, 7705.773361378766, 7448.615672840676, 7177.346424213923, 6317.379532829689, 6043.883884107467, 5846.467029075267, 6277.299899073669, 6515.395374682902, 6514.610207052416, 6341.090197405958, 6730.57647747377, 6873.564451352329, 6874.383078939567, 7328.9821767711655, 7522.91206132166, 8010.156241285371, 8375.195011653013, 8687.483606431375, 8849.77607302175, 9216.272721959287, 9269.838237868393, 9474.083931280236, 10460.91234458067, 10720.112855304582, 12447.68751190534, 12745.639230183528, 11320.833556042808, 11519.175023842914, 11213.001980424591, 11086.512442006053, 10825.605458246151, 10517.811549402282, 10474.925264080859, 10016.230410734952, 10219.253173873618, 11007.197925617564, 10912.28453766742, 10672.346029803839, 10642.094651524685, 10776.942215962998, 10529.54038299173, 10461.042591634397, 9912.11636343954, 9365.907610051636, 9848.885321633627, 9843.904788041516, 10153.242995220602, 9934.503652740332, 9708.960601381665, 9310.12783928199, 9160.765805330004, 8833.96466020912, 8472.780607693578, 7950.146286791719, 8288.637096816805], [3092.5620119389037, 2463.260888270595, 2451.3941963660995, 1532.83465828514, 674.6580202734701, 282.45509120904876, 1.0, 668.9379228123938, 529.5904906609525, 1205.2142244989407, 1528.8623285582662, 2715.9616414128946, 2880.748968591274, 3024.7957466196954, 3124.5965907844793, 3762.2647834109603, 4341.590839586917, 711.5790099121315, 447.1187155962636, 1505.4960118722424, 1614.9935420769766, 1923.3114013656184, 2057.2408915283186, 1158.2521016740936, 1967.02875713079, 1445.6939123190705, 1875.6820669188892, 2238.40861592935, 1670.744526779761, 1687.7727057328373, 1765.2569013769141, 2014.1911012241806, 2183.48105847469, 2474.5236428455078, 2834.5156904793766, 2162.371725070293, 2254.455927265602, 2306.5372139064366, 2616.5927145990286, 3074.9142484397557, 2538.021734454363, 2822.0026920545483, 2653.0117005423117, 3075.0340335135725, 3371.6501742641362, 3264.342479749199, 3236.6012312806606, 3174.730441551795, 3530.2018224477138, 4019.0074106104985, 4252.191535727103, 2584.8448581340203, 2981.227948540354, 3060.0287036452223, 3505.4596375602764, 3412.8932630617633, 3511.3838267459164, 3760.777784088205, 3827.7387087875923, 3849.1423029935263, 4011.1964376357305, 4088.0339296319844, 4129.926285622471, 3969.7837539811985, 4381.8648064029685, 4572.266283615375, 4723.114414118187, 4769.2306018308955, 5008.729169661897, 5333.5326007661315, 5651.114837814423, 4134.161066011216, 4338.662316334733, 4800.994786112941, 4929.66419553018, 5146.530021827537, 5303.216496059873, 5543.917760400671, 6212.413245393047, 6441.296564419221, 6537.67889792208, 5943.339444380994, 7648.44106635173, 7381.976433068771, 7100.704244118867, 6212.802157499851, 5918.319188335191, 5707.026880606136, 6122.683244114672, 6363.57383275047, 6349.90258005435, 6114.622520057266, 6551.905610247288, 6691.804983057718, 6687.107270192563, 7164.588012986835, 7329.364648207984, 7817.760738930923, 8198.057326160217, 8507.070363435152, 8680.797251963064, 9062.131490232397, 9103.453913135543, 9285.875372087185, 10257.438469945419, 10506.14360549118, 12216.779875038897, 12540.494185859126, 11130.45187128875, 11341.095500269126, 11046.538744991225, 10914.182025248932, 10650.22934005783, 10335.250961512318, 10277.15425963061, 9838.631663968485, 10068.419869235247, 10866.358333707296, 10785.82596383563, 10548.972028695034, 10532.4145193658, 10680.691797985355, 10439.121881837802, 10370.321097742835, 9782.156151748914, 9241.878084042135, 9747.239948968874, 9749.502176831164, 10101.849900901927, 9911.339956244814, 9691.22983660519, 9285.563389835366, 9115.158169518807, 8789.93774756835, 8414.788251225047, 7840.565331978415, 8150.4759030373225], [3473.2390297292386, 2943.373619128452, 2999.2534748845283, 2102.0725456929827, 1329.4804755849066, 698.213311160533, 668.9379228123938, 1.0, 235.29005694824448, 539.0560720391801, 1147.662170716662, 2048.3644271161766, 2216.052985317684, 2362.588072952241, 2471.201811322945, 3110.738431616213, 3730.0123254178993, 1326.3366859467421, 977.8739020720976, 1870.2747355424174, 1987.6537480172492, 2132.62154925251, 2222.606286245024, 1212.7184269027084, 1985.123680959664, 1192.5099276410763, 1715.7384284918187, 2084.5655150083494, 1007.9423906956373, 1047.7873873518704, 1220.961642830384, 1483.6839800372902, 1761.4352131802227, 2067.098031432503, 2427.4842639381677, 1514.3312927080622, 1614.8719244173549, 1724.6213500922152, 2070.8516631506545, 2580.8204291016486, 1878.5801742847334, 2165.2588209982064, 2019.5464186379525, 2483.8675523959423, 2704.6580971840895, 2597.1404872677645, 2571.4345325940703, 2515.4004886205444, 2942.4579038289958, 3449.0108821394183, 3664.328073417472, 2429.0104845867663, 2771.218321523965, 2781.1731037348172, 3195.8924523567985, 3163.986975170512, 3314.907348328129, 3487.9938433008424, 3539.298652626768, 3532.64746727495, 3761.696177393031, 3782.5874641986647, 3759.5298571780095, 3534.699498195216, 3947.8190127789658, 4183.827930632417, 4321.458301132586, 4340.37069565775, 4577.950602749384, 4887.748763764232, 5162.90042919342, 3599.994226781399, 3786.634986047898, 4228.417401635976, 4374.622108273601, 4557.142396911456, 4699.71210955004, 4921.5934417494345, 5581.575031243323, 5809.197582199835, 5920.207016058683, 5359.296036115904, 7011.809743135105, 6752.702416194875, 6480.3077665468945, 5622.985605457217, 5357.493872934121, 5168.569125755161, 5610.753826632971, 5846.034554794395, 5857.4303153595665, 5789.913422784399, 6089.196161977592, 6235.9089988352425, 6244.423102567878, 6670.055477852539, 6900.795169592754, 7385.126151778356, 7728.700616754748, 8044.49726826073, 8193.339842388385, 8545.579831555035, 8610.174122618808, 8840.039324360157, 9848.515670676645, 10126.523501664908, 11887.414299995045, 12130.923148210886, 10686.508855770388, 10868.970232243102, 10551.009802712277, 10430.594472742068, 10173.358092350096, 9874.531924807468, 9853.138056342463, 9367.705354585603, 9545.013349796403, 10325.6028749449, 10223.39560853556, 9982.30399338105, 9947.72461267749, 10080.25085186012, 9832.435773022155, 9763.955519999301, 9225.327800510495, 8676.721459059592, 9153.037322827871, 9147.119950429447, 9461.439177458089, 9254.967668882087, 9032.52785405521, 8629.66866117062, 8470.704985502985, 8144.412294009692, 7778.800308162016, 7256.498478237508, 7607.402529798863], [3240.349624596129, 2710.1784934721454, 2772.085136368805, 1881.1632617572727, 1203.0180151551717, 487.2524102041619, 529.5904906609525, 235.29005694824448, 1.0, 709.7335629988848, 1078.520839962974, 2225.648250820331, 2369.180761677481, 2509.033134661237, 2601.427878447791, 3237.668997161864, 3814.3415300956253, 1231.583043093845, 916.0050247604752, 1896.5323971579437, 2012.4050591250825, 2216.5920169584583, 2321.588474226952, 1326.270269603776, 2124.717964955202, 1386.9893359429784, 1897.218069567663, 2268.328507707648, 1205.714378750266, 1265.723040174176, 1455.1950915881166, 1717.9682472069355, 1989.877152149049, 2294.913520547701, 2656.094285759451, 1724.3018741227586, 1829.6169777822424, 1955.35132518899, 2304.3621772410656, 2815.0010321179216, 2076.0987951576285, 2365.0506286979935, 2235.8901003530236, 2711.7514957434055, 2865.464615947023, 2775.5631600188713, 2756.9353865005532, 2711.2165605422156, 3170.3763499584093, 3679.2027618983698, 3891.5343621440643, 2615.65248195929, 2970.79952582057, 2993.2736124367884, 3413.9172788251594, 3372.1198255964864, 3513.7642846722333, 3700.9548031781355, 3754.841987552561, 3752.3188730677634, 3971.362124091465, 4001.1008607632243, 3986.251869565154, 3766.864137150635, 4180.145978085001, 4412.759232807163, 4551.652544602712, 4572.56057972201, 4810.354644500782, 5121.029077755879, 5397.190428115595, 3833.3238873563346, 4018.596824600917, 4457.756487273076, 4606.025171986571, 4783.423954872928, 4922.688442943598, 5138.535647531217, 5794.559233767633, 6021.460495018118, 6138.281963163862, 5586.172709235423, 7221.171499222135, 6965.746894191761, 6697.058071825234, 5848.612066961763, 5587.867739458559, 5401.143289481482, 5844.629283563652, 6079.66764363956, 6091.6876959162255, 6013.100377658122, 6323.238110389644, 6469.790904642097, 6477.847007848331, 6904.255605608682, 7133.69439964947, 7618.303579024398, 7962.9435928929815, 8278.665146084111, 8427.573397286194, 8778.91126722038, 8844.300735442597, 9073.883353277555, 10080.898185052938, 10357.012133457372, 12113.97456610781, 12363.750292105293, 10920.451912777777, 11103.257847482633, 10784.965271264986, 10664.802212289282, 10407.635083823936, 10108.74791329488, 10086.28715030184, 9601.990063254687, 9777.823956245322, 10556.914811435234, 10452.211185291202, 10210.570502223723, 10172.869606487215, 10301.742070203385, 10052.297990007242, 9983.934833256308, 9455.1252236959, 8905.547672042901, 9376.37946616874, 9368.422619382312, 9667.622077833892, 9448.84999249387, 9223.842948397907, 8824.317037616489, 8674.78947531069, 8347.919385430541, 7988.143096401288, 7482.617717059146, 7839.0335506746715], [3788.516092902234, 3338.822920520572, 3440.2973471385353, 2570.329215880813, 1867.3404268182094, 1194.8556290882134, 1205.2142244989407, 539.0560720391801, 709.7335629988848, 1.0, 1008.4579325366567, 1517.9551114764342, 1677.9992906793416, 1825.0380384715004, 1938.4249364622308, 2578.3797533666143, 3226.103670411958, 1858.1944933830607, 1501.0057624212566, 2298.8159545309804, 2415.5798052033533, 2465.7201745146126, 2524.44367069762, 1532.243845949312, 2203.114876042787, 1290.487738418428, 1820.9923815335408, 2163.3976214651207, 509.49154092561486, 621.5055811988799, 964.7520391537962, 1215.7255971954842, 1606.2196873647385, 1904.8570438773936, 2245.4834596450473, 1040.112996888629, 1155.4248966770801, 1360.5026291146844, 1741.3804835553424, 2295.556732323654, 1372.2504334807313, 1662.2843652334298, 1561.1202750884802, 2079.5206567851733, 2167.4365466505715, 2067.7872343241165, 2048.2028271121, 2005.1572138646102, 2534.1842826691277, 3055.5349173053337, 3247.0167337557828, 2484.5653104226562, 2763.4420107326014, 2710.6490769585225, 3081.5712838936647, 3106.632321560798, 3299.0536753217884, 3399.1742149885586, 3434.757827342219, 3402.215031731221, 3686.799921125372, 3656.3402797331905, 3572.3622723916264, 3287.967591911458, 3694.1867006301873, 3971.056493672197, 4093.6251695809574, 4085.6245175455233, 4317.9785676906595, 4609.223845953905, 4839.510941913046, 3245.8660361381553, 3409.8599049065524, 3823.8816345812784, 3988.4265537507645, 4131.060174508241, 4256.528442373615, 4455.176089029085, 5102.938868752973, 5328.512599963149, 5456.293683751294, 4934.7337965888755, 6523.5416805820505, 6273.384487234046, 6011.637750642876, 5190.9001842193675, 4957.938470173886, 4793.799154119078, 5259.94384360499, 5487.9764576165, 5524.159176735962, 5614.472346012762, 5783.061254430528, 5935.161719404387, 5956.122404251301, 6329.416265605975, 6620.7804800547665, 7098.08996577659, 7405.771505645216, 7726.09909217577, 7851.231205068288, 8174.800753579523, 8260.720235493467, 8532.577568003406, 9568.203678742737, 9869.961532928217, 11662.054334393437, 11837.093055129417, 10371.292888762306, 10528.326193229126, 10191.156971099119, 10081.845932788394, 9831.708440543005, 9548.597102391996, 9559.626381435, 9035.07513042806, 9163.955482512112, 9925.87218166085, 9803.968077875348, 9559.593581959067, 9507.97497375814, 9624.943183000829, 9371.456284419944, 9303.426068177474, 8814.15724865147, 8259.256458575583, 8705.868918323811, 8691.804418737544, 8965.839117501579, 8740.653800317421, 8515.251282722316, 8116.337004040772, 7971.50638543335, 7644.276228885805, 7290.166785195758, 6824.558091088435, 7215.13338130119], [3071.2001928859163, 2804.8752146893353, 3020.129311814196, 2305.878097404796, 2145.6045258382674, 1324.6409895515817, 1528.8623285582662, 1147.662170716662, 1078.520839962974, 1008.4579325366567, 1.0, 1964.7981805579175, 1938.1292230829329, 2023.5041578807807, 2020.768370184805, 2593.3343171766796, 2973.9953268907966, 2228.034904213342, 1964.0029000759212, 2973.817426283687, 3089.4603870213955, 3276.8392797764677, 3369.249671156105, 2359.1724556612744, 3117.6641103277843, 2256.918865673138, 2792.932334716232, 3148.1204168149898, 1342.1072936768844, 1536.7627724238087, 1953.1674957965377, 2188.785116622816, 2606.573674602527, 2900.2595544532787, 3230.690121013624, 1804.727375860952, 1934.8172430489674, 2256.4894557903226, 2649.307657178584, 3221.9475517709084, 1986.1523802316433, 2252.6113669926426, 2295.8467598652032, 2879.0678540428007, 2427.50636960502, 2457.811557104101, 2490.6374405958604, 2527.968807991458, 3305.6221158961716, 3833.342213537435, 3975.8223590980406, 3478.154558058917, 3769.299905361195, 3717.117504274292, 4080.495067644235, 4113.475044979627, 4306.082525784912, 4402.006995294256, 4434.515448592775, 4395.544735460154, 4691.115495131532, 4649.763154161423, 4542.303562074954, 4224.896197170532, 4620.812791132587, 4923.407467365625, 5035.014822704457, 5006.905103596044, 5232.460595540164, 5503.855005997331, 5682.4291933399045, 4076.8670975389614, 4204.502168803242, 4561.375766449939, 4754.716631695963, 4817.763500288493, 4900.423362820451, 5030.471864088218, 5623.781199369699, 5837.469103529578, 6017.958663795841, 5608.088322410935, 6982.454511122804, 6770.021472279773, 6548.631630541625, 5842.387191272767, 5682.180107183649, 5564.314743977662, 6060.679494866823, 6274.9916734663175, 6346.179907057003, 6578.643922253021, 6636.439246950054, 6793.382882036975, 6828.021982196231, 7132.583902318645, 7496.254903742759, 7962.409133130457, 8223.592348134976, 8547.355720786087, 8637.964591256348, 8912.145224307524, 9032.581902101967, 9361.944524758495, 10423.566430650037, 10749.550620458775, 12562.249248489827, 12659.42662861514, 11176.484052587584, 11294.503783938471, 10928.757984595853, 10838.978269141086, 10602.3082096216, 10345.08201117968, 10399.268053801878, 9825.9388700241, 9873.16803374288, 10590.355167532573, 10426.035162643746, 10176.583797792795, 10082.622577162907, 10154.40732875087, 9886.721352656072, 9820.917262090803, 9465.724268995684, 8902.819475478696, 9269.746518608783, 9232.513358443399, 9359.156004579632, 9040.988987003071, 8800.035253606127, 8431.228260228314, 8362.026427020124, 8035.094688067533, 7735.812636002867, 7451.472818938424, 7923.006181701589], [5034.959716609102, 4722.141511720686, 4881.537722084785, 4052.055141496729, 3363.8541164283924, 2708.3184705679787, 2715.9616414128946, 2048.3644271161766, 2225.648250820331, 1517.9551114764342, 1964.7981805579175, 1.0, 353.2442312334611, 506.6858633841722, 730.2057929873706, 1264.6359529590864, 2111.9240589757787, 3330.2974115780194, 2960.921597128296, 3539.3187290265173, 3646.314999558638, 3500.0197852084134, 3487.183764747896, 2682.7142854478675, 3041.603899041626, 2167.5115387966594, 2520.880087595744, 2713.061453994294, 1056.030493116619, 1111.3994915061103, 1384.8008228544684, 1369.8375858362817, 1799.8168750535112, 1939.3433033300832, 2096.7377554914674, 694.9741855264815, 702.985679797769, 1079.0947659154895, 1318.3453239788946, 1796.2555685149375, 333.56629886160573, 374.4656160402641, 664.3865001386188, 1185.0272887430021, 693.0900759631571, 550.9151224405198, 544.0140874994837, 565.5774528242699, 1497.1317539432223, 1993.2159123836636, 2076.162695907526, 2905.0272200319655, 2966.6125330483865, 2756.9117607053217, 2930.7605134565333, 3112.516555601485, 3387.582840757078, 3269.572512531282, 3254.7793889638715, 3151.7690450877776, 3556.8375331686684, 3382.398729865455, 3127.93895080966, 2698.4264248587683, 3027.9921901897433, 3400.472503516983, 3464.3880995231284, 3374.3442447148846, 3569.7507741462, 3781.919641831612, 3862.10959684919, 2301.3499940078577, 2367.2418593898487, 2652.827528915951, 2866.744477504911, 2874.0388660982826, 2941.961955192957, 3067.59404867334, 3673.361242327183, 3891.671050072995, 4058.749294556977, 3653.806005490694, 5061.930890852184, 4831.914764057582, 4596.310685313891, 3882.1896020415998, 3748.565729089901, 3664.334250484935, 4181.090248007334, 4379.321683424579, 4485.14281895448, 5025.176199753545, 4810.991395889947, 4972.172342538762, 5027.472463456795, 5241.510341854768, 5689.758364868763, 6132.098931913393, 6335.635654275347, 6659.841606790919, 6721.212051798776, 6966.982012748769, 7104.000496561762, 7475.544516278545, 8555.915394640555, 8909.59419739278, 10733.74816715897, 10745.064678043973, 9258.239868461924, 9353.537789824448, 8977.772058694793, 8895.590725591808, 8666.064558087035, 8425.298899423915, 8514.9598076301, 7905.147356898899, 7916.490703100947, 8626.81437656602, 8463.616107767422, 8214.495038667103, 8127.471146638608, 8212.33490128877, 7949.212067205529, 7882.432179498619, 7502.026583233558, 6939.048111665053, 7315.869411630277, 7284.94348808616, 7483.0857486172235, 7232.593248437448, 7004.3040701671525, 6609.873748362127, 6485.238806329178, 6157.2402037328975, 5824.461606876152, 5487.67487574028, 5970.514745861074], [4989.148963230785, 4736.648020946618, 4926.610827694701, 4133.465339180762, 3544.167872862666, 2839.8927506092555, 2880.748968591274, 2216.052985317684, 2369.180761677481, 1677.9992906793416, 1938.1292230829329, 353.2442312334611, 1.0, 167.924755697088, 379.21076706776375, 955.8381916211621, 1772.035753249732, 3528.0984514788393, 3163.9033182862954, 3812.2846044417956, 3922.116535153756, 3806.417759779522, 3802.230371220142, 2961.948678070695, 3365.202110076555, 2471.8433883706584, 2849.7802444630365, 3054.4153137694507, 1273.6993963355076, 1373.1827311660363, 1699.1876113628086, 1706.9907588712797, 2146.6624998149878, 2291.311818501293, 2446.726085673138, 1009.9304100408505, 1038.3090607210547, 1428.8078947698953, 1668.3831693981244, 2131.8506459246696, 683.030908537891, 687.4832653688696, 1010.8795930559003, 1496.1789880414844, 505.5765497315859, 541.8004996857267, 611.4347637503819, 734.5220857059932, 1758.78731885239, 2225.1816069557617, 2269.4186504163813, 3253.3994824083975, 3318.85228873589, 3108.1776616098446, 3274.392080957916, 3461.56535662814, 3737.9515739909853, 3611.998450386693, 3594.345145484008, 3487.389872089258, 3897.4390399271138, 3714.1912764367507, 3446.2863182996057, 3005.6758247461703, 3318.5122791874687, 3699.7322732861626, 3754.210466167311, 3652.017852538849, 3837.9889912576077, 4031.613521113769, 4075.3788391261774, 2554.083887736042, 2592.4874615975814, 2828.6460815698442, 3054.8326329065944, 3009.918166140289, 3048.797816536888, 3129.4179963316647, 3696.226423600584, 3906.277777020405, 4100.6911139801605, 3765.0967046905876, 5045.372892957507, 4834.6913436614095, 4620.925015269406, 3977.026074005782, 3889.0554568173443, 3835.21002218147, 4361.1986715469375, 4547.585502758366, 4673.569694753608, 5305.293806255627, 5014.421409820513, 5176.374360694042, 5239.864479571426, 5407.515068554195, 5895.736751519101, 6325.650460414173, 6498.258417978574, 6821.346886788833, 6862.101690910203, 7078.674943700996, 7233.328612513649, 7634.493318136558, 8721.349988606928, 9087.077905559287, 10909.193175541397, 10874.761915342697, 9389.602167376515, 9463.715994395525, 9075.942629333902, 9004.161453488436, 8783.164076909254, 8557.99316937931, 8671.379280374893, 8038.661886940083, 8007.076390475196, 8691.691536482269, 8509.719976342301, 8259.392791311033, 8153.67020249127, 8218.573935510856, 7950.099392070679, 7884.456400609809, 7566.69175335968, 7002.982096416293, 7340.298625512226, 7299.009753563166, 7433.952477672313, 7146.53162796396, 6911.90447110229, 6528.8859065832, 6435.491149214775, 6107.819025314376, 5799.7749288182595, 5552.641657159709, 6074.415257250535], [5053.944477934653, 4827.111250229166, 5028.511634922216, 4249.7657089633, 3691.0506433212113, 2974.9651399832474, 3024.7957466196954, 2362.588072952241, 2509.033134661237, 1825.0380384715004, 2023.5041578807807, 506.6858633841722, 167.924755697088, 1.0, 231.86560154489678, 789.8093910995757, 1608.7594161554246, 3679.2391196463072, 3316.665775929448, 3976.9366565802957, 4087.0650203833634, 3973.3398935569453, 3968.9952769275687, 3127.5068648723604, 3531.2830989226513, 2638.7675507603285, 3015.0467977483504, 3216.2427257354357, 1433.906887348652, 1538.3403401429475, 1865.7408863198516, 1870.0130748100216, 2305.2572747856566, 2442.4445274385703, 2586.6004786761755, 1175.9833124811364, 1201.2683556744837, 1584.7241230288346, 1809.4818833302836, 2254.252925299275, 839.1930759503066, 809.5021017919789, 1149.4165903282342, 1602.7398182807765, 406.4654855739632, 536.6016071399316, 633.4948960261481, 790.4145616756135, 1832.4566428496628, 2278.042415942168, 2300.852360827805, 3410.7130370774235, 3467.3379876573827, 3250.712512565631, 3403.612618335576, 3598.7880089372384, 3877.786375837371, 3739.3977172698665, 3718.405095444981, 3607.3480462282423, 4022.411429320937, 3830.094989380942, 3550.746928002172, 3102.447551833871, 3402.596964785578, 3789.143872872423, 3836.840390073261, 3726.665174308052, 3906.076623893918, 4087.6484146323246, 4109.878423797137, 2616.9248528782337, 2639.2577336709674, 2847.269136644922, 3078.874892006668, 3007.051435638794, 3031.336154993465, 3090.073896727097, 3636.868633545805, 3842.6019039363464, 4048.700124436109, 3746.9241338970096, 4965.658585985878, 4763.611084798158, 4559.855176078815, 3950.1673496168946, 3885.0849472111813, 3847.176233793584, 4376.6622130032865, 4556.277338429478, 4692.840314830226, 5378.8250539763685, 5041.3394035696065, 5203.43630479605, 5271.473142941555, 5413.285274289382, 5922.664675956743, 6344.984914027643, 6500.555773995964, 6822.62441203309, 6852.5769185001855, 7054.186545324533, 7217.445108144827, 7633.434712575, 8722.57104032918, 9094.451274285182, 10913.676527317122, 10855.194783764253, 9372.380028742904, 9435.833781349047, 9042.604138664969, 8975.961640314443, 8759.405744868298, 8542.309695941496, 8667.860890829596, 8023.959706307631, 7971.234728095962, 8643.033307939255, 8452.701894162277, 8202.094437040632, 8088.192178545145, 8144.414830750627, 7873.942059252955, 7808.847447135361, 7519.165917581383, 6955.8007481571285, 7274.9327336016295, 7229.184245277053, 7337.893381209843, 7036.624600820749, 6799.8694698762265, 6421.4619679331845, 6340.237463816081, 6013.084826201722, 5715.4739736783895, 5508.062712605448, 6047.504908068439], [5005.715276516188, 4819.0451327046285, 5039.218858024854, 4288.121153520495, 3795.857893005292, 3054.804168219466, 3124.5965907844793, 2471.201811322945, 2601.427878447791, 1938.4249364622308, 2020.768370184805, 730.2057929873706, 379.21076706776375, 231.86560154489678, 1.0, 640.9624767460518, 1400.9367682248258, 3795.2068577344558, 3437.973040224556, 4140.529462491063, 4252.290355458629, 4159.950468088222, 4161.849524701896, 3297.8440607487773, 3730.9689431008187, 2826.9594499241693, 3219.2841905995165, 3430.234323756926, 1586.4835536150686, 1710.5866158184351, 2063.2134859939174, 2081.893287290927, 2524.561948268011, 2668.464322588898, 2816.814388207074, 1378.6741426221595, 1413.892751742116, 1806.9947305015587, 2039.3324799365098, 2484.367274911959, 1061.1367453610949, 1040.2282505041233, 1379.532225590359, 1829.5744499197372, 498.4217391574531, 715.8644245393347, 827.1998342392013, 1000.0439713363753, 2044.085393770051, 2474.6649022316215, 2480.5099436663645, 3631.5129191237747, 3694.904971152842, 3480.415191336303, 3634.3622426465804, 3829.434672423346, 4108.094119938639, 3969.9782729858644, 3948.554693810494, 3836.7490747209836, 4252.673149275839, 4058.471491153075, 3775.3799979692867, 3324.0635864642304, 3617.503898099155, 4006.6689027849593, 4050.557916355793, 3935.6090474681864, 4110.514785345685, 4283.182683386396, 4287.670806217132, 2819.6772448617553, 2830.2243539262204, 3013.4373082299026, 3249.3668240142574, 3151.2187575400703, 3159.390994808703, 3191.6007699676766, 3709.6337473171156, 3908.574328794614, 4130.3558513636035, 3871.8260319357382, 5004.7975259303, 4816.334265919369, 4627.603528778316, 4064.265541258705, 4025.519861819024, 4004.259874873191, 4536.223620149708, 4708.725215995781, 4855.641798290993, 5585.847373060614, 5210.979271086893, 5373.020665380958, 5445.1921798834355, 5561.442938094858, 6091.3694101856145, 6505.93859111394, 6643.745365987129, 6964.379027759477, 6982.28141915759, 7166.019391733795, 7339.398950450162, 7771.857492797065, 8862.560808085756, 9240.80850526891, 11055.499287246683, 10969.351536756212, 9490.691068367025, 9541.077897076806, 9141.343141300777, 9081.24568762609, 8870.383794485431, 8663.199742934854, 8802.640201833641, 8146.491621739194, 8067.856607763975, 8722.020512697723, 8520.339649908014, 8269.612760431726, 8144.116850494177, 8187.358337681574, 7914.152233911542, 7849.973284187889, 7600.919998334029, 7038.69845329553, 7331.988184335142, 7279.734812791243, 7346.7202136805245, 7021.384236704977, 6780.984198873981, 6411.585836103744, 6351.776217166351, 6026.000769615715, 5745.969997829752, 5596.514304697167, 6157.628238289862], [5482.2473183742595, 5361.601984973594, 5605.721568628464, 4887.130400850423, 4434.254134385446, 3685.673648183198, 3762.2647834109603, 3110.738431616213, 3237.668997161864, 2578.3797533666143, 2593.3343171766796, 1264.6359529590864, 955.8381916211621, 789.8093910995757, 640.9624767460518, 1.0, 900.5809252414343, 4435.051900643964, 4077.9125373932447, 4764.962707201646, 4875.40231542061, 4758.172256834265, 4749.490523139755, 3916.278465284381, 4305.23117256643, 3423.7428371763276, 3783.757100718928, 39