{"TourSize": 100, "DistanceMatrix": [[0.0, 1692.8298792259072, 2252.270854049308, 1103.6095323981212, 2522.814499720501, 396.8526174790838, 1446.7653576167768, 424.53739529045026, 1424.0593386513078, 749.1061340023855, 902.2693611111928, 1546.9922430316192, 2553.845140175888, 2378.37024031163, 1014.7536646891205, 1259.3561847229719, 1017.5288693693167, 1167.4694856826022, 813.7057207615048, 1404.8434076437131, 885.1129871378004, 1329.53112035785, 882.2204939809549, 1206.0667477382833, 1194.0205190866695, 1510.6386066826176, 1571.5597347857956, 415.63686073302017, 2080.504025470751, 2144.574549881631, 886.7130313692248, 790.2259170642279, 2640.851756536137, 1803.8697292210434, 1576.118333120962, 1172.7105354690048, 2518.194988478851, 1224.826518328208, 2102.314201065102, 1358.1064023116892, 2697.599117734138, 661.4605052457781, 2250.8598357072347, 1668.3944377754322, 923.0178763165966, 2114.6862651466768, 429.19692449969864, 2522.632949915623, 442.28949795354623, 1706.5722955679316, 1128.6895055771538, 2474.0517375350096, 1010.4513842832816, 1394.1796871278823, 1707.5461926401874, 795.3426934347232, 1359.8176348319653, 718.2290720932981, 1030.8971820700647, 1152.2890262429821, 1043.2185772885757, 1259.6590808627548, 288.08679247754486, 1365.6621104797482, 1250.2339781016992, 1286.4388831188212, 593.1888400838303, 1617.6928014922983, 1240.5035267986948, 1386.5590503112371, 2635.283096746913, 801.5385205964839, 1531.1596912144728, 941.981953117999, 628.0461766462718, 2648.723843665096, 1048.4293013837414, 2442.3275783563513, 1007.9112064065961, 862.9745071553389, 1219.5921449402665, 2186.0722769387107, 1715.5515148196512, 888.4739726069639, 1733.8411115208914, 1508.300367963888, 1254.928284803558, 1219.4465957966343, 806.4899255415407, 643.7701453158572, 752.9734391065863, 302.5524747874325, 412.97578621512423, 1358.8480415410695, 2431.1347144903343, 2376.6836137778205, 814.8772913758243, 782.6525410423197, 1468.2523625044844, 2643.4940892689738], [1692.8298792259072, 0.0, 1708.4697831685523, 2402.8160562140415, 1185.9595271340418, 2056.6129922763785, 1391.8063802124202, 1619.8410415840192, 1342.5051210330632, 2441.8314847671204, 2358.8355177926246, 1606.4880951939856, 969.751514564427, 1661.984957813999, 2445.8131572137722, 2830.6149508543194, 2455.0959248061977, 2836.891256287417, 2310.216007216641, 1603.241716024131, 2501.842521023256, 2896.74748640609, 1921.433319165669, 2894.5555790138146, 893.0711057916945, 2670.970610096637, 1737.337330514716, 1363.3653215481168, 1500.966355385756, 1190.7447249515742, 1592.3846897028368, 2165.9178193089415, 1069.3180069558355, 1451.4795899357318, 1893.0805582436265, 2857.569071781118, 1143.1242277198048, 2917.2571021423532, 961.137867321853, 336.5055720192461, 1984.4540811013994, 1536.0602201736754, 1834.545447788089, 256.56383221335, 2124.213972273038, 1636.4977849053141, 1932.6171374589433, 1595.606467773304, 2094.2733823452945, 416.1249812255929, 1146.963382153066, 1302.2922099129673, 2577.251442913555, 331.3034862478812, 1529.0797886310577, 1902.7897939604363, 1400.3888745630622, 1160.700650469362, 2626.073875579284, 1851.1566654392059, 1006.106356206937, 1802.5426485939245, 1979.1980699263022, 331.71674663785063, 2526.658267356312, 2618.4869676971853, 1102.7429437543458, 710.5385281601555, 573.2660813269873, 2887.4426401229166, 1901.8143968326667, 2458.6469856406798, 462.24344235478344, 2543.9066413687433, 2076.212176055232, 1045.017224738425, 1663.8596695635122, 1262.3331572924797, 2647.1123890005124, 1670.004790412291, 842.6304053379513, 569.9412250399158, 1513.2250328355, 2581.3006411497286, 832.313642805403, 1752.0722017085939, 1218.500718095808, 2806.4335017954727, 1419.5087178316307, 2301.7986445386573, 1978.3210052971685, 1769.4691294283718, 1399.7464056035294, 2963.1329703541824, 793.771377664879, 1200.941297482937, 2093.0360723121807, 1911.41099714321, 3155.993662858023, 1830.8052872984608], [2252.270854049308, 1708.4697831685523, 0.0, 3332.923341452665, 1073.7360010728894, 2622.8061308453584, 811.3211448002572, 2501.897679762304, 829.1905691697175, 2793.510336476312, 2264.730005983053, 782.4659737010933, 1532.6542336743796, 221.29844102478444, 2279.527363292663, 3482.2765542099037, 2292.553379967411, 3286.384791834334, 3065.97537498265, 934.0133832017611, 2582.1628531136453, 3551.54121474044, 1703.469694476541, 3245.7197969017598, 1183.942988492267, 3716.83104270291, 846.132377350022, 1855.7763873915412, 214.02102700435768, 592.0844534354875, 2769.9487359877257, 2086.778617870137, 1532.9220462893734, 448.41275628599146, 983.2461543275925, 3047.0001640958276, 1133.3816656360734, 3215.883704364945, 850.565106267592, 1730.9676484556262, 450.78708943358174, 2591.8815559357645, 171.0263137648707, 1452.250667068189, 1895.6798252869603, 139.26234236145822, 2138.5738238368112, 507.05522381689354, 2669.8014907479546, 1292.653472513032, 1137.9490322505662, 823.310391043378, 3246.17806042737, 1827.9433798671118, 567.1207984195254, 2916.617561491393, 902.6560806863265, 1572.4722573069453, 2625.837961489627, 1377.6305745736047, 1275.4673653214338, 1227.892910640012, 2473.6988499006907, 1650.5287031736225, 3479.7018550444805, 3529.201184404199, 1872.4062059286175, 1020.7849920526849, 1423.7812331956059, 3630.577089114071, 401.00498750015566, 2640.376488306166, 1287.3919372125956, 2582.747761590357, 2870.3383075867555, 1615.0696579404864, 1333.014628576896, 832.6631972172182, 3193.3607688452616, 2811.80813712458, 1192.820606797183, 1530.8886308285132, 552.9529817262948, 2913.1718109304848, 880.5708375820766, 926.7416036846516, 1001.0, 3435.2621442911745, 2587.0697709957494, 2842.3828032128254, 1885.106097809882, 2515.4629792545147, 1845.7987430919982, 3554.433850840384, 1633.1821698757308, 826.4605253731119, 3018.376550399237, 1786.2354268124905, 3314.915534368862, 454.27854891024737], [1103.6095323981212, 2402.8160562140415, 3332.923341452665, 0.0, 3447.0255293513565, 822.125294587145, 2538.424708357528, 850.7185198407285, 2511.709577160544, 1030.0689297323747, 1695.4173527482842, 2649.1389167048223, 3362.0513083532796, 3441.6096524736795, 1794.2745051970169, 624.771958397622, 1789.4895920345555, 928.9031165842862, 372.33989847987016, 2508.211514206886, 1444.9211051126633, 660.8668549715593, 1928.3747042522623, 1101.310582896578, 2203.6862299338354, 417.06234545928504, 2675.055513442665, 1478.0487136762442, 3149.956348903902, 3152.2997953874883, 844.3518224058026, 1696.5627014643462, 3458.9160151700708, 2886.523860978807, 2674.0757281722595, 1336.0134729859576, 3428.18027530642, 1189.6730643332226, 3060.9888924986317, 2087.3018468827167, 3771.1119049956606, 867.6819693874018, 3343.3689595974897, 2479.0018152474195, 1895.4978237919452, 3197.561570947462, 1394.7229115491004, 3555.8606553125783, 785.494748550237, 2568.817821489099, 2195.774578594078, 3447.6847303661625, 497.6364134586616, 2071.580314639044, 2801.622387117864, 500.371861718862, 2454.4380212178917, 1763.0113442629913, 1572.778751128079, 2235.152791197953, 2076.108137838682, 2353.3943570936003, 973.9034859779484, 2131.2402492445567, 147.1767644704829, 216.11339616044165, 1502.0682407933402, 2575.0572809162904, 2132.5292495063227, 554.4763295218291, 3704.461769272292, 1293.3870263768692, 2416.404767417909, 1507.7824776803848, 477.20016764456403, 3443.823456566843, 2147.804925965112, 3412.1034568136997, 718.3571535107031, 758.0217674974776, 2215.7736797786906, 2965.1580059079483, 2808.105589182857, 1061.2332448618447, 2712.551750658409, 2611.0564911544907, 2332.1545832126994, 644.0496875241847, 992.3628368696603, 747.4663872041338, 1760.3161647840425, 819.3192296046761, 1491.4841601572575, 784.6234765796904, 3196.2743937277974, 3344.204688711503, 324.2298567374695, 1821.0307520742201, 1498.5516340787194, 3701.246411683502], [2522.814499720501, 1185.9595271340418, 1073.7360010728894, 3447.0255293513565, 0.0, 2919.352154160234, 1423.989115126938, 2605.81753006614, 1400.1214233058504, 3218.1953017180294, 2883.2837182629114, 1552.6184334858324, 502.332559167729, 890.9062801439891, 2934.4031761160563, 3770.098274581181, 2946.543059247565, 3681.028660578453, 3277.007476341792, 1655.730654424203, 3135.4036422763816, 3839.7533774970498, 2328.644670189078, 3691.8168968679906, 1343.5013956077605, 3765.137978879393, 1675.52409711111, 2113.8270979434433, 972.7486828569854, 553.1663402630352, 2700.6386281766763, 2683.1213166757852, 474.65882484159084, 1178.0717295648851, 1851.224999831193, 3569.123281703786, 69.2314957226839, 3688.564625975801, 437.38541356565605, 1413.016631183087, 1079.0820172720885, 2593.881454500186, 1244.7397318315182, 1007.2462459597455, 2548.3690862981366, 1107.0794912742265, 2591.877504821553, 652.1502894272148, 2964.122298421575, 887.0287481248846, 1498.040386638491, 259.2392717163046, 3515.5973887804616, 1468.3739305776305, 1342.827241308427, 2961.8624208426695, 1499.5229241328723, 1818.4900329669117, 3221.863435963728, 2087.726275161569, 1506.1108856920198, 1965.2836945336926, 2799.7365947531566, 1349.9985185177056, 3583.50694153088, 3661.452444044576, 1971.111868971419, 905.8062706782284, 1316.7057378169202, 3869.008270862186, 1007.2626271236315, 3145.4260442744476, 1030.674051288767, 3156.84668617277, 3049.3469792727756, 564.0221626851201, 1957.6284121354595, 242.1672975444868, 3530.725704440944, 2768.475392702633, 1310.2465416859532, 704.4948544879516, 1319.488537274955, 3354.7359061482025, 805.3483718242684, 1738.268391244574, 1442.083215352013, 3734.7194004369326, 2515.890498412043, 3166.4170603380726, 2468.07495834304, 2701.2961703597034, 2128.8142239284293, 3879.303674630281, 670.5467918050164, 253.14027731674784, 3124.039052252708, 2373.9149100167847, 3863.2675289190106, 894.1521123388346], [396.8526174790838, 2056.6129922763785, 2622.8061308453584, 822.125294587145, 2919.352154160234, 0.0, 1812.3073690740212, 533.6703102103395, 1793.85423042119, 436.0229351765799, 907.1813490146278, 1891.7782639622435, 2940.7782983421243, 2758.1198306092506, 1014.6767958320521, 867.138973867511, 1012.3541870313967, 781.9520445653941, 473.70138272966864, 1743.5552758659533, 737.1302462930144, 937.2432981888961, 1110.7857579209413, 843.2822777694312, 1590.1135179602745, 1238.9983857939444, 1899.7989367298846, 811.0055486863206, 2458.4728999930016, 2538.5610097060894, 944.0338976964757, 880.7774974418908, 3029.2853942803076, 2175.125283748042, 1879.6108639822232, 876.621925347524, 2914.2014343555593, 878.0091115700337, 2499.152056198262, 1720.1177285290678, 3071.1764846716314, 764.2944458780267, 2610.4777340555884, 2050.5335890933366, 1074.2411274941953, 2484.166258526188, 574.1863808903865, 2911.478833857461, 47.07440918375928, 2096.3122381935377, 1513.779376263265, 2870.3073006213117, 623.910249955873, 1745.028653059886, 2068.132007392178, 697.6890424823941, 1722.4784468898297, 1113.1149985513625, 886.000564333906, 1428.7428040063753, 1437.6136476814625, 1555.5259560675931, 157.25775020646836, 1735.622366760696, 960.0255204941169, 970.2705808175367, 973.5363372776591, 2014.4423545984134, 1630.606328946383, 1007.9216239370996, 3011.4104668742852, 604.466707106355, 1922.5737957228066, 802.8860442179824, 374.2325480232846, 3034.312113148547, 1361.3787129230425, 2838.767338124067, 611.657583947097, 886.4880145833896, 1616.2676139798136, 2567.1595197805686, 2078.010827690751, 560.9723700860854, 2130.502522880459, 1830.2988826964847, 1633.8436277685819, 825.1121135942678, 942.648396805511, 249.32709439609647, 938.8700655575296, 329.07445965920846, 804.2045759631065, 962.2515263692752, 2811.480037275741, 2773.242326231157, 609.5842845743318, 1002.9601188482022, 1154.0454930374278, 3024.6991585941237], [1446.7653576167768, 1391.8063802124202, 811.3211448002572, 2538.424708357528, 1423.989115126938, 1812.3073690740212, 0.0, 1724.8402824609589, 50.24937810560445, 1989.2053689853142, 1511.0923201446033, 216.11339616044165, 1709.0362781404028, 963.3509225614516, 1545.0064724783517, 2670.9556342253236, 1557.7114623703583, 2480.8315138275716, 2259.7745462766857, 242.20033030530738, 1806.2040305569026, 2740.2279102293664, 942.25102812361, 2447.78532555451, 555.7922273655867, 2931.31591610321, 345.6848275524976, 1062.0150658065072, 663.1930337390464, 894.8798802073941, 2040.9473290606986, 1320.1231003205723, 1756.4065588581705, 366.8950803703969, 508.9921413931653, 2265.812878416927, 1453.6753420210443, 2423.198299768304, 1005.7261058558637, 1258.791881130475, 1261.2997264726573, 1843.6941177972012, 805.0962675357525, 1165.0107295643247, 1153.7348048836873, 672.3094525588645, 1332.8840909846588, 1164.6050832793064, 1859.252000133387, 1051.9814637150218, 382.7819222481647, 1263.3962165528278, 2435.297517758354, 1362.062039703038, 264.1514716975849, 2144.6724691663294, 93.04837451562494, 800.2355903107534, 1866.830736837167, 666.1080993352356, 561.8051263561058, 541.6133307074338, 1662.5690963084812, 1187.471683872925, 2685.5772191467518, 2729.886627682549, 1130.68165280949, 740.9453421137082, 895.3172622037397, 2820.224813733827, 1205.2306833133648, 1850.60260455885, 934.8475811596242, 1814.3649026587789, 2070.016425055608, 1810.5203671872903, 560.0160711979612, 1245.829041241213, 2382.85647910234, 2071.4181132740923, 593.6707841893518, 1508.6238762527921, 269.6831474156292, 2112.274603360084, 714.1939512485386, 369.43199644860215, 237.9936973955403, 2624.0, 1867.1818336734107, 2031.080992969015, 1108.9531099194412, 1719.1079081895934, 1046.9407815153634, 2744.016399367905, 1707.419690644336, 1196.3381628954248, 2229.6019824174896, 1009.7569014371727, 2544.2313180998303, 1231.3476357227476], [424.53739529045026, 1619.8410415840192, 2501.897679762304, 850.7185198407285, 2605.81753006614, 533.6703102103395, 1724.8402824609589, 0.0, 1693.3838903213884, 969.6927348392376, 1307.4685464667973, 1858.8418437295843, 2553.933632653754, 2600.3217108657923, 1420.535462422533, 1210.8418559002657, 1421.9511243358543, 1257.1320535250065, 691.0347313992257, 1728.8438333175152, 1228.3277249985038, 1276.915423980774, 1295.3906746615091, 1350.9881568688897, 1355.059039304192, 1216.0037006522637, 1904.6427486539305, 670.8576600144028, 2312.646319695253, 2301.6672218198705, 464.96881615867534, 1210.8893425908084, 2648.0215255922676, 2059.711144796765, 1934.2970299310289, 1410.0900680453005, 2590.0289573670793, 1397.2429996246178, 2212.886124498954, 1288.8200029484335, 2933.783393504026, 247.77812655680484, 2524.4694492110616, 1660.6757660663325, 1347.312139038315, 2369.0103418938465, 849.76349650947, 2706.7679989241783, 553.1762829333883, 1736.7489743771262, 1365.056775376028, 2598.658884886587, 958.1753492967766, 1293.2087998463358, 1988.891651146437, 420.6399885888169, 1646.5357572795072, 930.4069002323661, 1379.0783153976427, 1539.0159193458655, 1233.1054293936104, 1630.7179400497193, 554.0487343185615, 1320.9591212448627, 993.6201487490076, 1061.0753978865027, 651.4637365195396, 1725.7792442835787, 1289.1256726944816, 1275.7311629022786, 2865.0530536100027, 1113.8007003050411, 1577.3452380503134, 1291.3287730086402, 456.9835883267582, 2641.094091470427, 1411.5594213493105, 2563.4297337746552, 1047.851611632105, 438.5076966257263, 1365.776336008206, 2163.9833640765355, 1992.9939789171467, 1092.4770020462674, 1862.1302317507227, 1849.7962049912417, 1506.3601826920412, 1187.7651282976783, 416.32919667013505, 738.8748202503588, 1175.9238920950625, 206.30559856678636, 696.6039046689302, 1345.786015680056, 2402.8399863494865, 2495.6660433639754, 527.0569229219933, 1199.805400887994, 1683.736618358109, 2857.268800795613], [1424.0593386513078, 1342.5051210330632, 829.1905691697175, 2511.709577160544, 1400.1214233058504, 1793.85423042119, 50.24937810560445, 1693.3838903213884, 0.0, 1980.8919708050714, 1518.6260237464653, 266.27053911388697, 1674.207275100667, 972.2602532244132, 1555.99807197824, 2654.910356302073, 1568.6044753219342, 2471.4691986751523, 2237.656363251516, 281.31121556027585, 1807.9734511325105, 2724.3703859791162, 950.8533009881178, 2442.029483851495, 506.32005688102066, 2902.3969404614522, 394.83287603744446, 1033.992746589646, 671.2525605165316, 878.0802924562195, 2002.8082783931168, 1325.4735003009303, 1723.487452811885, 381.2833591962807, 555.7139551963762, 2265.5359189383867, 1427.8784962313846, 2419.3563193543855, 977.4916879441994, 1208.5909150742445, 1277.4357126681562, 1807.6374083316598, 832.3250566935973, 1116.8818200687126, 1165.087550358341, 690.9739503049301, 1324.5470924055512, 1163.5978686814444, 1840.8728907776333, 1005.6838469419702, 341.69723440496267, 1246.645498929026, 2417.446793623388, 1311.8757563123118, 297.5583976297762, 2112.5967433469173, 99.76472322419383, 765.8733576773643, 1872.3439854898459, 687.6081733080258, 517.3490117899134, 569.5261188040457, 1645.4789576290545, 1137.2264506245008, 2658.798600872206, 2704.7931529046728, 1092.4403873896279, 696.5809357138623, 845.185186808193, 2801.4947795775024, 1219.0594735286709, 1848.368199250355, 886.2759164052694, 1817.9452687031037, 2045.1095325189797, 1776.014921108491, 569.5726468151363, 1227.7316482033034, 2369.324798333905, 2034.6174087528102, 543.7370688117558, 1466.8063948592535, 299.92332353453276, 2105.5471972862542, 675.883125991469, 415.4094365803454, 195.48913013259843, 2608.582181952487, 1827.8875785999533, 2015.5210244500056, 1112.7632272860205, 1692.6065697615616, 1020.7693177207082, 2730.5056308310373, 1668.261670122526, 1176.4777940955792, 2201.1815009217207, 1013.9842207845248, 2546.2144450144024, 1240.4160592317403], [749.1061340023855, 2441.8314847671204, 2793.510336476312, 1030.0689297323747, 3218.1953017180294, 436.0229351765799, 1989.2053689853142, 969.6927348392376, 1980.8919708050714, 0.0, 721.2613950572982, 2024.6552793006517, 3286.984180065368, 2952.336193593135, 802.1726746779648, 769.8012730568845, 794.7685197590554, 493.3771376948875, 664.2537165872691, 1871.2148460291778, 420.38672671719786, 829.6077386331447, 1136.55488208885, 473.6253793875493, 1874.709844215899, 1416.4042502054278, 2003.3971149025847, 1117.594738713457, 2651.649486640344, 2792.8551698933475, 1366.0234258606256, 795.6161134617624, 3371.099820533352, 2355.7627214980716, 1944.7264589139522, 441.1915683691156, 3220.1394379746976, 478.48092960953, 2786.951201582116, 2107.210715614364, 3244.0426939237404, 1197.6017702057725, 2755.667977097386, 2409.8439783521258, 1017.2089264256384, 2654.480363460992, 656.4099328925485, 3136.007812490269, 420.5948168962618, 2437.387330729361, 1749.771413642365, 3141.8243108105203, 617.2876152977638, 2141.9759569145494, 2226.8942498466336, 1078.6445197561613, 1896.2636947429014, 1401.8619760875176, 542.7200014740566, 1481.2704007033963, 1712.7793202861833, 1626.0162975813005, 465.4653585391721, 2114.00780509439, 1136.8909358421326, 1102.3905841397593, 1340.5539899608668, 2315.1885452377305, 1973.39833789329, 969.9288633709175, 3192.026472321306, 269.65162710430656, 2259.1843660932145, 480.58506010903, 712.198006175249, 3383.748513113822, 1469.7060930675902, 3113.2831544849882, 454.23452092503936, 1301.6239856425511, 1908.689864802556, 2927.252636859347, 2240.5644378147217, 140.03570973148243, 2415.414043181831, 1926.3711999508298, 1848.4114801634403, 713.0848476864446, 1376.939359594314, 300.0266654815868, 945.0105819513345, 764.6973257439835, 1095.5624126447567, 791.7701686727027, 3172.558588899502, 3050.3398171351337, 933.773527146706, 1035.7050738506596, 725.8271144012189, 3220.4398767870207], [902.2693611111928, 2358.8355177926246, 2264.730005983053, 1695.4173527482842, 2883.2837182629114, 907.1813490146278, 1511.0923201446033, 1307.4685464667973, 1518.6260237464653, 721.2613950572982, 0.0, 1483.0660807934353, 3056.08654982152, 2450.31120472482, 113.07077429645558, 1487.71099343925, 115.26057435220423, 1161.234257159166, 1323.9641233809925, 1334.1517904646382, 348.9312253152475, 1544.6128964889554, 569.0140595802533, 1060.3174053084294, 1592.2703916106711, 2102.425504030999, 1427.0171687824923, 1026.0779697469388, 2158.9916627907573, 2390.6840025398587, 1771.0070581451673, 201.8539075668341, 3126.6346124867227, 1859.0244753633558, 1329.0797568242472, 804.4799562450266, 2899.6779131482863, 1004.9726364434009, 2446.6517937785916, 2052.777874003907, 2705.464285478557, 1553.669205461703, 2196.0009107466235, 2252.609597777653, 370.00540536592166, 2130.136145883638, 485.24220756236775, 2672.887015943622, 931.1809705959416, 2231.7269098167008, 1391.6041103704745, 2757.1525166374095, 1334.0442271529082, 2118.4034082298867, 1706.9669006749955, 1592.1369287847072, 1421.5266441400245, 1199.965416168316, 361.27136615015587, 888.380549089184, 1431.6162195225368, 1039.2328901646638, 791.7676426831296, 2031.8634304499897, 1819.138532382842, 1800.8833943373459, 1324.6059791500263, 2027.1161782196896, 1807.7535783397027, 1690.7950792452643, 2664.7478304710185, 467.0867157177562, 2054.658122413556, 328.69438693108225, 1280.1124950565868, 3158.015832765884, 951.1561386018597, 2735.0557581153626, 1173.3648196532909, 1733.5377123097148, 1638.2505913321074, 2745.8962107115412, 1725.0011594199002, 781.2195594069569, 2088.983724206582, 1346.0014858832808, 1442.338725819979, 1430.236344105407, 1707.3043079662161, 954.1121527367734, 415.4960890309318, 1127.817361100635, 982.153246698294, 1491.4643810698262, 2984.6008108288115, 2679.0903306906243, 1516.3195573493076, 509.7342444843195, 1053.2297944893128, 2712.872462907167], [1546.9922430316192, 1606.4880951939856, 782.4659737010933, 2649.1389167048223, 1552.6184334858324, 1891.7782639622435, 216.11339616044165, 1858.8418437295843, 266.27053911388697, 2024.6552793006517, 1483.0660807934353, 0.0, 1876.0090618118027, 969.1491113342673, 1501.4559600601012, 2735.8583662170818, 1514.4437922881127, 2518.0031771226977, 2352.0871582490304, 153.5838533179839, 1800.001111110768, 2804.0873738170144, 921.0917435304694, 2469.6963376091403, 767.6066701117181, 3050.373091934821, 136.48809471891678, 1188.3539035152785, 685.8104694447293, 1005.1989852760497, 2201.4888144162805, 1304.3450463738498, 1916.314431402112, 395.4099138868422, 312.1954516004357, 2265.173061821105, 1589.2164736120753, 2437.0320063552713, 1154.6124891061936, 1473.7842447251226, 1227.8249060839253, 1996.1836087895322, 731.0164156843539, 1376.802454965853, 1114.8421412917614, 647.0927290582084, 1375.1818061623708, 1207.3591015103998, 1938.0786877730222, 1258.8137272845415, 570.7372425205841, 1366.9312345542478, 2508.7911431603866, 1576.9115384193242, 229.92390045404153, 2279.3694303469106, 240.75090861718465, 955.1177937825261, 1843.9490231565514, 598.8196723555432, 756.128295992155, 452.09291080484775, 1737.5514380875175, 1403.0024946520944, 2796.1205267298474, 2833.1286592740544, 1296.0871884252233, 943.4007631966385, 1109.876569713948, 2896.076138501887, 1183.2641294318018, 1861.1977326442238, 1147.965591818849, 1800.2846997072436, 2174.949424699342, 1975.9658397856983, 555.6446706304308, 1354.7091938862745, 2438.237068047322, 2226.230895482317, 807.3722809212612, 1700.4025993863925, 250.87447060233131, 2140.1600407446167, 899.5521107751346, 185.9704277566732, 435.7843503385591, 2686.4014964260277, 2033.1003418424777, 2096.9322831221803, 1104.00090579673, 1832.6879166950384, 1166.276982538882, 2797.848637792974, 1889.6478507912525, 1312.4938095092107, 2348.6038405827408, 1005.5605401963624, 2532.4778380076696, 1229.993495917763], [2553.845140175888, 969.751514564427, 1532.6542336743796, 3362.0513083532796, 502.332559167729, 2940.7782983421243, 1709.0362781404028, 2553.933632653754, 1674.207275100667, 3286.984180065368, 3056.08654982152, 1876.0090618118027, 0.0, 1370.3722122109743, 3122.306839501845, 3756.4761412792177, 3133.5746360985245, 3720.4851834135825, 3243.3982179189775, 1950.940798691749, 3267.8326150523685, 3824.3938081740484, 2531.7638120488255, 3755.486919162414, 1464.1755359245694, 3639.889284030491, 2008.7570783944982, 2170.080413256615, 1397.140651473573, 956.6216598007804, 2561.278001311064, 2854.35842178238, 100.66280345788111, 1542.6538821135478, 2186.907405447245, 3672.7244655704844, 433.17548407083245, 3765.0531204751946, 733.48483283569, 1274.76193855951, 1580.2139095704733, 2494.4708857791866, 1701.277461203786, 894.910610061139, 2751.827937935074, 1541.7175487098796, 2702.533071027994, 1150.513798265801, 2982.436084813889, 849.6316849082313, 1674.8387982131296, 755.0079469780434, 3501.0079977058035, 1296.4459109426818, 1693.5492316434147, 2863.711752254406, 1767.7864690058016, 1900.228407323709, 3371.639660461954, 2342.807076991189, 1626.4931601454707, 2240.202223014699, 2840.719803148491, 1234.1871819136675, 3489.320850824699, 3578.136386444765, 1967.4165801883444, 1033.0077444046583, 1314.3302476927174, 3829.4439544142697, 1507.0607154325269, 3254.742539741047, 1028.4089653440406, 3298.394306325428, 3009.9795680369657, 102.82509421342633, 2186.839957564339, 730.0335608723752, 3547.62032917842, 2637.9025759114, 1419.3237826514428, 399.8462204398086, 1670.7519265288909, 3426.6369810646706, 1002.7262836886246, 2059.7196411162367, 1660.7618733581285, 3727.58433841543, 2386.2566919759493, 3189.994514101866, 2644.3191940459837, 2682.3036740831562, 2195.081775242098, 3880.2027008907667, 215.64090521049107, 715.4369294354325, 3047.1708189729043, 2557.7353264167114, 3971.847177321907, 1395.5450548083354], [2378.37024031163, 1661.984957813999, 221.29844102478444, 3441.6096524736795, 890.9062801439891, 2758.1198306092506, 963.3509225614516, 2600.3217108657923, 972.2602532244132, 2952.336193593135, 2450.31120472482, 969.1491113342673, 1370.3722122109743, 0.0, 2470.595070018557, 3622.684225819303, 2483.5800772272273, 3443.4880571885246, 3190.1072082298424, 1116.1980111073483, 2760.0568834717883, 3692.407886461083, 1884.4256419397398, 3410.8723224418704, 1254.770895422746, 3816.032756672825, 1046.5605572540942, 1972.4565901433673, 301.04152537482264, 482.3743359674103, 2838.505416588103, 2267.400714474616, 1360.5811258429246, 598.0209026447153, 1192.5585939483226, 3222.913123247352, 954.5098218457472, 3385.059083679338, 740.6483646103595, 1727.451880661224, 343.6335257218073, 2672.004678139617, 379.3481250777444, 1410.1152435173517, 2083.27938596819, 329.95302695989926, 2295.936628045295, 287.5865087238968, 2805.193219726584, 1248.3597237975919, 1250.9600313359335, 633.5147985643272, 3381.939236591929, 1819.148152295464, 743.3471598116186, 3008.8411390434026, 1056.3810865402693, 1679.315336677421, 2810.4835882815614, 1567.9492976496401, 1367.2307778864547, 1420.2739172427268, 2612.6586076255735, 1647.539377374635, 3587.5562713356844, 3642.557892470619, 1958.1807883849744, 1013.876225187276, 1450.6743259601722, 3763.3465160678466, 267.5518641310503, 2811.1202393352014, 1273.979984144178, 2763.8388158501575, 2986.9558081766127, 1446.326726573218, 1507.4551402943969, 649.0585489769009, 3340.396683030325, 2885.9164922083246, 1254.7828497393484, 1415.4112476591388, 725.5811463923246, 3075.6113213473513, 863.0202778614185, 1125.8796560911828, 1124.46342759558, 3577.375155054331, 2652.8695783999633, 2984.5510550164827, 2061.3801202107293, 2629.4381529140405, 1967.0770193360504, 3701.4911859951794, 1490.6203406635775, 655.0801477681948, 3122.9040971505992, 1962.0300711253128, 3495.9911327118666, 268.1678578800972], [1014.7536646891205, 2445.8131572137722, 2279.527363292663, 1794.2745051970169, 2934.4031761160563, 1014.6767958320521, 1545.0064724783517, 1420.535462422533, 1555.99807197824, 802.1726746779648, 113.07077429645558, 1501.4559600601012, 3122.306839501845, 2470.595070018557, 0.0, 1560.8539329482435, 13.038404810405298, 1219.4465957966343, 1422.1392336898662, 1355.9505890702656, 402.2263044605611, 1615.3575455607343, 606.9233889050578, 1105.6011939212078, 1661.002709209109, 2198.408970141816, 1436.0226321336304, 1125.4301399909282, 2183.249413145461, 2432.382576816402, 1884.0214966926465, 280.0321410124202, 3190.699766508908, 1884.7103225694923, 1326.2171767851598, 830.8315111982694, 2953.0988808368743, 1042.700819986251, 2499.039815609187, 2144.2262007540157, 2715.523522269693, 1666.7336319880271, 2203.0036314087183, 2332.03451947007, 391.28122878563954, 2146.9226814210147, 595.1848452371751, 2700.7884034111225, 1037.1022128989987, 2305.312560153178, 1451.1612591300802, 2800.166602186377, 1418.816760543799, 2212.2576703449354, 1728.4481479060921, 1702.5759894935672, 1457.503687816947, 1285.2221597840585, 370.4726710568541, 902.765196493529, 1502.7042290484178, 1051.700527716897, 902.7031627284797, 2120.7852319365106, 1915.4111830100605, 1893.3705395405307, 1425.2943555630886, 2090.680511221167, 1889.4422457434364, 1767.3214195499359, 2677.8498837686925, 538.1644730005875, 2129.6067712138783, 364.9177989629993, 1386.3942440734527, 3224.587570527431, 986.4263783983071, 2779.341828563014, 1248.9075225972497, 1846.2897930714994, 1708.1686099445803, 2819.887409099874, 1747.3969211372669, 848.0666247412405, 2146.0559172584485, 1354.889294370577, 1492.3813185643942, 1502.9693942326305, 1820.1222486415577, 1049.4879703931817, 478.87367854163796, 1240.4519337725262, 1080.5998334258618, 1555.1170373962211, 3056.804377123273, 2724.8944933703397, 1622.8524270555224, 565.0999911520084, 1057.651171228019, 2730.563678070885], [1259.3561847229719, 2830.6149508543194, 3482.2765542099037, 624.771958397622, 3770.098274581181, 867.138973867511, 2670.9556342253236, 1210.8418559002657, 2654.910356302073, 769.8012730568845, 1487.71099343925, 2735.8583662170818, 3756.4761412792177, 3622.684225819303, 1560.8539329482435, 0.0, 1552.216801867574, 399.4058086708304, 523.3211251229975, 2584.5318725061215, 1162.0107572651812, 70.178344238091, 1885.9101251120107, 578.0700649575274, 2452.4389900668275, 839.8029530788755, 2730.4567383498315, 1674.9877611493166, 3322.441421605504, 3403.923912193103, 1387.5481973610863, 1562.8681966180002, 3848.7660360172586, 3035.951251255527, 2688.4845173442973, 876.6207846041525, 3761.2763791032426, 674.1112667801956, 3356.250437616359, 2498.687055235209, 3931.9696082243568, 1333.6881194642172, 3462.080299473136, 2861.5719456270886, 1783.5436636090521, 3343.225388752604, 1367.0903408334066, 3778.6157518329383, 820.2889734721539, 2924.8495687812733, 2380.7398009862395, 3731.4986265574316, 255.69122002915938, 2503.866010792111, 2922.5475188608993, 1020.6546918522445, 2579.8670508380856, 1977.5836265503413, 1247.6157260951786, 2226.070978203525, 2302.5700857954357, 2365.289200076811, 1010.0316826713903, 2527.810317250881, 630.8922253443927, 534.1956570396281, 1802.5151871759638, 2868.854126650569, 2464.075688772567, 214.84878403193255, 3873.8436984473187, 1023.1373319354543, 2756.8126523215174, 1211.1366562035846, 755.7909763949289, 3845.841910427416, 2189.994063918896, 3699.1850453849966, 315.62794553081005, 1301.410388770583, 2476.3071295782356, 3370.580068771546, 2933.648411108598, 714.582395529025, 2990.0884602298975, 2656.6332076521217, 2499.2288810751206, 58.137767414994535, 1495.1989834132446, 640.1015544427306, 1696.6216431485248, 1075.3752833313588, 1670.48046980502, 160.70469812671936, 3611.1009401566166, 3633.0550505050155, 804.5551565927597, 1780.898930315811, 950.9621443569665, 3889.7744150528833], [1017.5288693693167, 2455.0959248061977, 2292.553379967411, 1789.4895920345555, 2946.543059247565, 1012.3541870313967, 1557.7114623703583, 1421.9511243358543, 1568.6044753219342, 794.7685197590554, 115.26057435220423, 1514.4437922881127, 3133.5746360985245, 2483.5800772272273, 13.038404810405298, 1552.216801867574, 0.0, 1209.4461542375502, 1417.2713219422737, 1368.8915223639892, 392.62195557558925, 1606.450123719999, 619.3173661379116, 1094.6579374398195, 1672.0047846821492, 2192.993388042928, 1449.0607302663336, 1132.6857463568613, 2196.1794097932893, 2444.8895680582386, 1885.1283775912982, 289.17814578560393, 3202.1175806019364, 1897.6103393478863, 1339.1975209057102, 818.9120831933059, 2965.1281591189277, 1031.3025744174208, 2511.105334309973, 2152.8966533486923, 2728.561892279521, 1668.3755572412347, 2216.038131440883, 2342.1539232082932, 404.01113846031524, 2159.935415701127, 599.4705997795055, 2713.666154853983, 1034.2615723307135, 2315.9723659836704, 1462.7621132638076, 2812.637374422803, 1411.6674537581434, 2220.573349385244, 1741.4066153543806, 1701.3656279589052, 1470.1445507160172, 1294.60186930191, 358.24014292091834, 915.7647077715978, 1513.5025602885514, 1064.7215598455778, 901.8852476895273, 2129.800929664554, 1910.0811501085498, 1887.345755287038, 1432.3302691767706, 2102.085868845514, 1899.2972384542657, 1759.036383932976, 2690.8842412857525, 529.9179181722392, 2140.1366778783076, 354.1539213392956, 1383.582668292719, 3235.833277534552, 999.0320315185094, 2791.765212191025, 1240.6208123355016, 1846.8492087877667, 1719.084058445078, 2830.5358150004035, 1760.343716437219, 839.0309887006558, 2157.8605144911476, 1367.9272641482075, 1504.4945995250366, 1494.298832228681, 1822.46234529002, 1044.1767091828854, 489.8020008125732, 1240.8904061197347, 1088.0156248878047, 1545.517712612832, 3067.6122636343725, 2737.2577518385074, 1620.0864174481558, 576.6420033261538, 1044.8885107991186, 2743.5743110038043], [1167.4694856826022, 2836.891256287417, 3286.384791834334, 928.9031165842862, 3681.028660578453, 781.9520445653941, 2480.8315138275716, 1257.1320535250065, 2471.4691986751523, 493.3771376948875, 1161.234257159166, 2518.0031771226977, 3720.4851834135825, 3443.4880571885246, 1219.4465957966343, 399.4058086708304, 1209.4461542375502, 0.0, 671.096118301991, 2364.5447764844716, 817.664968064549, 431.6132528085763, 1624.7664447544453, 181.3394606807906, 2340.5383995995453, 1218.2495639235829, 2495.53621492456, 1567.8434233047635, 3142.6084706816405, 3271.963477791279, 1548.566110955551, 1269.538498825459, 3808.04739991508, 2847.6012712456777, 2432.7930450410286, 478.979122718308, 3679.4419413818723, 276.8483339303309, 3254.0881979442415, 2500.4231641864144, 3737.0065560552607, 1438.277094304154, 3249.0190827386655, 2831.830679966583, 1490.7249914051888, 3147.2967766005163, 1148.157219199531, 3622.839770125088, 742.8465521223075, 2873.9617255628164, 2230.7283563894553, 3615.9221507106595, 433.1293109453573, 2521.966296364803, 2719.958271738741, 1198.4093624467391, 2387.9901591087014, 1863.0904433225994, 879.9318155402724, 1970.0571057713023, 2181.478856189076, 2116.2098194649793, 883.2400579683872, 2517.2882234658787, 977.8803607803973, 899.0672944780051, 1754.4326718344025, 2775.3963680887096, 2407.8874558417383, 612.0825107777546, 3684.5311777755387, 697.2524650368761, 2698.6005632549623, 857.3243260283707, 853.7968142362678, 3814.698546412285, 1962.9358114823826, 3586.248875914777, 229.65191050805564, 1468.6987437864852, 2371.356152078384, 3348.7766422979003, 2733.4787359699726, 386.80356771881, 2882.9405127404207, 2418.082918346681, 2334.4532550471, 346.1748113309228, 1615.1052597276748, 535.0934497823721, 1433.1957298289722, 1076.745559545058, 1552.2841234774, 341.91958118832565, 3593.237119924039, 3522.2407640591523, 996.8349913601548, 1525.9056327309365, 572.5521810280701, 3711.6476125839317], [813.7057207615048, 2310.216007216641, 3065.97537498265, 372.33989847987016, 3277.007476341792, 473.70138272966864, 2259.7745462766857, 691.0347313992257, 2237.656363251516, 664.2537165872691, 1323.9641233809925, 2352.0871582490304, 3243.3982179189775, 3190.1072082298424, 1422.1392336898662, 523.3211251229975, 1417.2713219422737, 671.096118301991, 0.0, 2206.180862939392, 1074.8106810038687, 587.554252814155, 1583.6224297476972, 819.4986272105647, 1981.8925298814768, 780.1858752887032, 2366.3459172318826, 1218.760435852756, 2893.1218432689625, 2937.195431019189, 889.1394716241092, 1331.913660865448, 3336.8495620869694, 2617.575404835551, 2351.3953304368024, 1007.9250964233404, 3264.861559086388, 896.4201024073478, 2871.8161501043205, 1979.8308008514264, 3511.016377062346, 813.2607208023759, 3062.9307860283097, 2349.153251705814, 1535.8219297822257, 2928.373780786872, 1046.206958493395, 3326.138000745008, 431.8020379757372, 2419.1986276451134, 1939.2630043395352, 3252.6218655109606, 279.8731855680354, 1982.3995560935741, 2519.5549210128365, 530.08395561458, 2172.0784976607083, 1517.5836056046467, 1205.7238489803542, 1902.2284300262154, 1840.5586108570408, 2027.7598477137276, 630.600507453015, 2011.5093835227317, 497.11165747747253, 497.1156807021883, 1306.0750361292417, 2382.9731429455933, 1963.3950188385422, 592.0008445939922, 3448.1879299133334, 923.6433294297101, 2254.934367115815, 1138.3202537071893, 234.07904647789388, 3331.3007969860664, 1830.4111559974715, 3218.9434602055376, 441.4906567527789, 806.1128953192599, 2001.0317338812995, 2854.6322004769722, 2528.0672459410566, 711.0, 2510.965551336776, 2298.4440389098013, 2067.94438996797, 506.7435248722967, 979.6147201833994, 375.5862084794914, 1408.7867120327335, 576.9445380623687, 1223.058461399127, 667.4705986034141, 3093.8230395418545, 3151.936864849929, 325.8619339536301, 1475.7133868065303, 1209.685082986477, 3454.2938496891084], [1404.8434076437131, 1603.241716024131, 934.0133832017611, 2508.211514206886, 1655.730654424203, 1743.5552758659533, 242.20033030530738, 1728.8438333175152, 281.31121556027585, 1871.2148460291778, 1334.1517904646382, 153.5838533179839, 1950.940798691749, 1116.1980111073483, 1355.9505890702656, 2584.5318725061215, 1368.8915223639892, 2364.5447764844716, 2206.180862939392, 0.0, 1648.1747480167264, 2652.6006107214857, 769.7960768930951, 2316.190838424157, 730.0027397208862, 2911.959477740032, 180.56854654119581, 1058.1857114892453, 827.3741596158294, 1116.9355397694176, 2085.815188361615, 1153.1730139055458, 1997.4546302732385, 530.0801826139136, 293.01535795927146, 2113.0085186766287, 1688.0417648861653, 2283.8242051436446, 1243.5569950750146, 1440.401332962449, 1380.6266693063696, 1875.853139240916, 884.509468575662, 1386.5500351592077, 967.3370663837916, 797.56441746106, 1222.4373194565028, 1346.4650014018189, 1789.6605823451553, 1282.076440778786, 501.8814601078625, 1483.338464410601, 2358.855866728614, 1542.0538252603246, 372.9302883918119, 2148.625839926533, 203.74739262135355, 844.077010704592, 1694.5489075267199, 455.9265291689002, 686.721195245931, 315.8354001691387, 1588.6777520944895, 1374.0524007475115, 2654.980602565676, 2689.6932910649866, 1188.4452027754583, 976.5659219940045, 1077.0041782648757, 2746.316260010853, 1335.0033707822613, 1708.0120022997496, 1154.2499729261422, 1649.457183439449, 2032.8071723604282, 2052.307238207769, 402.06094065452316, 1468.415813044793, 2285.9545052340827, 2106.6988394167784, 775.3412152078594, 1748.0529168191676, 391.4920177985753, 1986.5772071580807, 956.059621571793, 155.42522317822161, 390.1281840626232, 2534.783028189987, 1921.815027519558, 1946.1133060538896, 951.3285447204872, 1694.17265944177, 1033.155361017887, 2645.3047083464694, 1949.0472031225925, 1422.2643917359387, 2211.0305289615517, 852.6781338817127, 2381.772449248668, 1379.0576492663388], [885.1129871378004, 2501.842521023256, 2582.1628531136453, 1444.9211051126633, 3135.4036422763816, 737.1302462930144, 1806.2040305569026, 1228.3277249985038, 1807.9734511325105, 420.38672671719786, 348.9312253152475, 1800.001111110768, 3267.8326150523685, 2760.0568834717883, 402.2263044605611, 1162.0107572651812, 392.62195557558925, 817.664968064549, 1074.8106810038687, 1648.1747480167264, 0.0, 1215.0201644417264, 879.0688255193674, 711.4183017044192, 1810.4783898185585, 1836.1579452759504, 1754.4586059522749, 1138.5662036087317, 2464.2930020596173, 2665.352697111585, 1671.4978312878543, 496.78969393496885, 3344.292002801191, 2163.8468060378027, 1666.8491233462014, 465.966737010272, 3146.3014795152735, 657.1674063737489, 2698.192357857386, 2179.0575944660113, 3027.3054024990606, 1473.9148550713505, 2522.352275159043, 2426.8978140828262, 705.0879377779768, 2445.596246317041, 571.3571562516742, 2970.663225611412, 745.0671110712108, 2426.502009065725, 1637.7438749694654, 3027.4089581686844, 1034.5670592088268, 2231.704729573337, 2018.5076170279863, 1432.2182096314793, 1714.3048153697755, 1372.4146603705456, 150.86417732516887, 1215.6302891915782, 1645.9945321901894, 1366.4347770749982, 674.4427329284525, 2170.25436297223, 1555.7718341710652, 1522.7770683852577, 1415.