{"TourSize": 100, "DistanceMatrix": [[0.0, 2606.92941983476, 548.5125340409278, 2009.4944637893382, 1367.8907120088213, 2233.32039797249, 1130.6303551559192, 580.679774057957, 515.1970496809935, 582.0687244647319, 721.5019057493888, 262.86498435508673, 2790.409468160542, 2301.4597541560443, 2489.7654508005367, 2438.901802041238, 2948.6878437705136, 2589.1537227441713, 3007.5787603984704, 783.1711179557121, 258.0949437706985, 1980.493372874547, 1987.8966270910569, 2459.2228447214784, 526.5405967254567, 1184.122037629568, 661.7869747887155, 814.3168916337178, 492.31900227393214, 881.4578832820091, 3069.9910423322085, 439.7203656871035, 2432.8750481683187, 838.2988727178392, 843.9763029848647, 2910.2455222884546, 1129.4494233917692, 698.5527897016804, 1123.9506216911846, 1099.9418166430441, 3098.6658419390756, 2516.8967003037687, 1673.2555094784539, 3350.021044710018, 2850.509603562142, 477.24626766481896, 1487.58193051677, 2963.0204184244158, 655.3968263578944, 1988.5698378482964, 3164.4628296126343, 1417.391971192161, 1002.9042825713728, 1437.2341493298857, 2039.9796567613118, 1298.8371722429258, 1008.4765738479006, 1176.55471610971, 592.0760086340266, 1414.3302301796423, 809.6542471944429, 1258.2150054740248, 2953.1830285304027, 2358.788884152204, 1227.2611783968398, 1534.8543904879054, 1426.9817798416348, 651.9202405202649, 1034.234016071798, 1191.6496968488684, 438.54874301495835, 1044.8444860360798, 838.6018125427586, 1359.0658556523301, 939.9877658778331, 674.0756634087898, 2349.45780979357, 2795.8329706904883, 1315.717294862388, 821.647126204431, 1472.1620155404091, 2579.4326895656727, 2065.3089357285025, 1155.7703058999223, 772.9113791373497, 629.4958300100168, 1627.733700578814, 1867.113547698693, 1718.8164532607896, 149.4958193395387, 792.1237277092513, 3020.107613976694, 765.2091217438538, 965.549066593718, 95.96353474106714, 2882.7604825930302, 737.1092185015732, 229.47766775876036, 617.8235994197696, 1248.565576972231], [2606.92941983476, 0.0, 3153.619666351667, 1013.4520215580015, 3182.5376667056116, 932.0713492002637, 1479.7215954361145, 3056.2110529215747, 2096.84644168332, 2886.1651026924983, 3328.1015609503265, 2435.4270672717753, 183.96738841436002, 411.6916321714591, 881.8508944260361, 236.10379073619296, 510.92563059607807, 522.5514328752721, 882.3361037609194, 2273.839484220467, 2578.4681498905506, 1244.0341635180282, 1287.0695396908436, 608.4734998338054, 2091.023194515068, 2700.6314076526623, 1987.909706198951, 3367.450816270373, 2958.179338714947, 2436.615070133155, 553.6370652331724, 2797.6248855055605, 707.0007072132248, 1768.9918032596986, 2031.9756396177588, 604.2019529925404, 1803.8173410852885, 2291.2959215256333, 3317.7368792597163, 3187.1154670014703, 664.822532710798, 216.9469981354893, 936.4000213583936, 1093.4578181164557, 531.1798188937528, 2148.3456425817517, 2039.827688801189, 505.1702683254429, 2546.693542615601, 673.0267453823808, 940.7071807953844, 1227.5165986657778, 3354.7274106848085, 1296.1732137334116, 888.2206932964352, 2637.2760568435, 1620.232082141321, 1445.009342530352, 2907.098381548172, 1253.512265596153, 1976.7106515623373, 2881.477398835535, 394.31586323656825, 464.6633189740718, 2070.3683247190584, 1433.6334957024408, 3389.174825824127, 2826.450247218231, 2695.5439154278306, 3424.839266301413, 2247.6552226709505, 1801.7494276397038, 3362.1522868543598, 1347.8623816992595, 2440.731447742664, 3046.304810750231, 488.67269209563983, 259.0077218926108, 2230.848493286803, 2279.9002171147754, 2318.355451607885, 457.05360735913683, 800.232466224659, 1456.9344528838626, 3321.7888253168653, 2543.680011322179, 1118.0500883234167, 1282.6223138554856, 906.8875343723719, 2511.6536385417476, 3325.8919104504885, 830.7207713786865, 3370.4076904730678, 1716.6111965148077, 2693.566409056959, 742.2351379448429, 3188.2234865203536, 2621.391424415667, 3074.829588773986, 2661.168352434697], [548.5125340409278, 3153.619666351667, 0.0, 2514.8777306262823, 1413.2660754436865, 2738.5211337508426, 1678.964264062818, 369.4116944548453, 1063.5309116335077, 664.6878966853541, 189.70766985021982, 739.4322146079382, 3337.276883927973, 2840.912705452246, 2996.225959436304, 2987.286394037237, 3496.6809977462913, 3134.846248223348, 3547.5580333519565, 1203.2476885496187, 661.366010617419, 2496.8980756130195, 2500.3145802078584, 3003.092572665718, 1073.9576341737136, 1416.9435415710818, 1186.001686339442, 343.95639258487404, 385.1752847730498, 1225.4019748637588, 3609.489853150996, 527.7650992629202, 2952.1343126626202, 1386.0999242478877, 1291.604428608078, 3456.43761696924, 1627.880216723577, 1127.8448474856814, 1020.684574195182, 1077.03760380035, 3646.104770847925, 3059.1542948991637, 2221.1316935292243, 3890.691069720134, 3397.4121033516085, 1022.315998114086, 1908.882919406007, 3500.4896800304955, 973.8362285312659, 2536.924910201325, 3683.8307507267486, 1964.988040676075, 810.704015038781, 1977.831135360145, 2579.167501346122, 1559.6025134629656, 1545.6225283037252, 1724.9257955054184, 570.3507692639679, 1946.147990261789, 1286.8232201821663, 1422.5290858186345, 3495.950228478661, 2893.622124604386, 1656.0446853874446, 2018.437019081844, 1382.7295469469075, 792.0770164573645, 1263.8014084499193, 1039.8100788124723, 935.989850372321, 1555.3089725196085, 497.3982307970144, 1882.1928700321866, 1277.4525431498423, 525.2237618387044, 2896.6066353580013, 3344.2129118822563, 1699.014420186009, 1233.2015244881916, 1829.7620063822508, 3112.0130141116056, 2588.266794594406, 1704.240886729338, 409.69500851242987, 953.3021556673414, 2150.883771848214, 2383.611755299088, 2260.8635518314677, 664.2326399688591, 359.30210130195456, 3562.0898360372667, 241.91940806805889, 1485.0942731018795, 460.05325778653065, 3425.2091906918617, 450.56852974880525, 571.1129485487087, 403.11288741492746, 1498.970980372869], [2009.4944637893382, 1013.4520215580015, 2514.8777306262823, 0.0, 2976.0935805179247, 223.9732126840172, 1078.8850726560268, 2325.0008602148946, 1572.4681236832753, 2448.640439100849, 2702.9866814322263, 1777.9904386694548, 1160.5434072019882, 604.6924838295909, 481.4145822469444, 1028.5805753561556, 1521.2166183683375, 1389.5125044417557, 1843.2563576453495, 1990.5087289434327, 2076.174607300648, 1621.9722562362156, 1667.44625100781, 1375.1847148656068, 1581.0898140206964, 2538.498965924548, 1348.7542400304067, 2652.127447917992, 2235.452974231397, 2190.8071571911573, 1230.943134348618, 2063.1514728686307, 464.69882719886436, 1271.5301805305292, 1244.0016077160028, 1591.8005528331746, 1660.0927684921708, 1969.2607750117809, 2966.851698349616, 2870.9698709669524, 1677.8086899286222, 811.4733513800684, 792.315593687263, 2096.8130579524727, 1515.3616730008714, 1642.4615672824737, 2096.4675051142576, 1106.5233842987684, 2199.6883870221254, 943.5094064183992, 1179.5494902716036, 1046.978509808105, 2932.5956079896187, 1225.679403433051, 1307.143832942649, 2532.2420895325154, 1039.1058656364135, 1105.0669662966131, 2137.988306796836, 652.0996856309624, 1230.5738498765525, 2710.25847475845, 1179.6482526583932, 559.3576673292322, 1999.5104400827718, 519.8711378793787, 3142.4126081722625, 2432.115951183249, 2475.6001292615897, 3063.1854334989257, 1582.2076349202719, 1598.2640582832362, 2840.936641320957, 666.5133156959432, 2218.8810243003118, 2275.624309942219, 1183.0891766895681, 1272.4378177341318, 2190.796202297238, 2014.4289513408012, 2335.935144647642, 706.2301324639158, 221.05429197371402, 1077.0464242547764, 2780.463990056336, 2186.743011878625, 420.02023760766576, 1584.4636316432131, 583.1312030752599, 1962.7289675347436, 2600.02769216022, 1805.664974462317, 2752.5560848055393, 1045.5414865035245, 2076.6908773334562, 1692.0260045282992, 2431.720789893445, 1944.9421585229727, 2333.325952369278, 2531.815159129908], [1367.8907120088213, 3182.5376667056116, 1413.2660754436865, 2976.0935805179247, 0.0, 3180.4630166062298, 1898.6442531448592, 1742.2238662123764, 1499.7243079979733, 805.4495639082561, 1386.1781992225963, 1598.6910270593253, 3344.339994677575, 3023.7513125255523, 3411.2925702730336, 2958.7492289817333, 3335.299836596404, 2934.3282025022354, 3208.972577009657, 985.6429373764112, 1130.6935924466893, 2083.7727803193898, 2060.1014538124086, 2781.237494353907, 1478.620979155916, 483.7561369119776, 1791.2333739633148, 1732.563707342388, 1706.3097608582095, 786.3033765665768, 3726.5963022575975, 1752.3096187603376, 3295.359767916092, 1728.9794677786085, 2096.2254172679045, 3235.8791695611876, 1387.7323228922787, 1012.976307718991, 465.14513863954335, 345.65445172889065, 3447.6346964259424, 3183.0054979531533, 2335.630321776115, 3534.1273321712674, 3202.138348041821, 1427.133140250061, 1223.1046561925925, 3649.460919094764, 816.6333326530334, 2512.4340787371916, 3976.543725397723, 2017.0337131540464, 699.1151550352774, 1900.0413153402744, 2350.3620997625026, 578.0077854146949, 1971.144337688136, 1882.0270986359362, 1875.715596779, 2325.0215052768867, 2021.2533240541622, 305.761344842673, 3575.1090892446905, 3120.6041081816193, 1118.2776935985087, 2624.7615129759884, 228.84929538890873, 716.2576352123585, 503.0159043211258, 530.7296863752771, 1701.7931719218996, 1413.1967308198814, 1029.0082604138802, 2329.8251007318127, 763.8272055903743, 1892.33532969186, 2763.5913228985214, 3280.3257460197456, 984.5897622868115, 962.1792972206375, 969.2811769553765, 3340.4532626576292, 2941.0382520463754, 1903.181546778972, 1090.8148330491294, 837.072278838572, 2556.122454030714, 1994.8378380209253, 2486.786078455483, 1282.8070782467644, 1763.940191729867, 3251.059058214723, 1368.3457165497323, 2031.3148451187965, 1394.3722601945292, 3133.9101773981974, 1857.0689270999071, 1592.383433724428, 1782.7958380027703, 536.8062965353517], [2233.32039797249, 932.0713492002637, 2738.5211337508426, 223.9732126840172, 3180.4630166062298, 0.0, 1281.9145837379338, 2545.3803252166463, 1792.8402048146957, 2668.072712652337, 2926.72940327595, 2001.887609232846, 1054.7630065564492, 553.8312017212464, 257.75181861628056, 997.9949899673845, 1441.976421443846, 1369.4790980515183, 1799.3471038129358, 2195.8872921896514, 2297.5519580631903, 1720.9491567155608, 1767.4888967119425, 1380.053984451333, 1800.7401256150206, 2735.9833698324996, 1572.3720933672157, 2872.8049011375624, 2456.5410641794692, 2394.2598021100384, 1058.8035700733162, 2283.9829246296918, 277.62744821072715, 1487.657554681184, 1464.6610529402358, 1531.8658557458614, 1845.1840016648746, 2178.0321393404643, 3182.70529581361, 3084.1180262759076, 1591.4904963586807, 717.0641533363664, 935.2903292561086, 2025.4374836069367, 1456.780354068519, 1862.2491777417972, 2261.3986822318616, 933.4077351297235, 2412.155260342916, 1016.4772501143349, 962.1668254518029, 1217.5385004179539, 3152.4220846834583, 1387.2916059718664, 1383.4742498507155, 2723.3057118142283, 1258.280175477624, 1301.410388770583, 2356.070032914981, 863.6538658513606, 1453.5542645529267, 2909.802226956327, 1029.8475615352013, 468.92323465573764, 2180.717771743973, 735.5718863578189, 3351.0274543787314, 2649.0149112453105, 2678.5787276091028, 3279.9721035399066, 1806.151986960123, 1789.7318234864126, 3064.177703724117, 886.4874505597921, 2420.163011038719, 2493.1285566532665, 1191.8288467728912, 1187.0105307030767, 2370.464933298951, 2218.289431070707, 2509.551553564899, 552.3812089490373, 274.6506872374435, 1277.5104696244175, 3004.0466041657874, 2399.901039626426, 631.0190171460762, 1696.4636748247808, 735.4250471666028, 2185.492393031831, 2820.159569953445, 1754.3300715657815, 2976.3677528155017, 1268.9747830433826, 2300.6618612912243, 1651.608912545582, 2650.0056603713133, 2168.3772734466665, 2553.001762631589, 2725.6566181380954], [1130.6303551559192, 1479.7215954361145, 1678.964264062818, 1078.8850726560268, 1898.6442531448592, 1281.9145837379338, 0.0, 1619.8006050128515, 617.6026230514245, 1436.5545586576236, 1850.2378225514688, 984.16106405405, 1662.5101503449534, 1202.930588188695, 1516.2773492999227, 1308.3260297036056, 1823.6954241320013, 1478.8008655664223, 1921.3185576577353, 914.0689251910931, 1103.8378504110103, 1053.3608118778675, 1080.5128412008808, 1360.202926037141, 611.3018894130788, 1460.6881939688567, 567.6592287631727, 1914.4965395633392, 1520.083221405986, 1112.6153872745065, 1963.7846114072693, 1374.1866685425236, 1412.5954834983722, 294.24479604574145, 773.9773898506338, 1795.4843357712705, 618.0622945949705, 899.4003557926803, 1920.7628692787666, 1812.4008938421985, 1976.7308870961672, 1405.0032028433245, 543.6625791794024, 2257.872007001283, 1732.16627377397, 668.9162877371128, 1112.854437920791, 1864.1955369542113, 1141.3851234355564, 862.3601335868907, 2122.943710982465, 313.0255580619576, 1918.095930864773, 424.5903908474614, 978.7910910914545, 1461.5926245024637, 266.30809225406574, 81.70679286326198, 1504.9149477628296, 433.5262391136204, 676.4650767038902, 1631.5023751131962, 1837.1567706649316, 1278.1549201876899, 958.7935127022919, 809.6499243500242, 2070.5559639864846, 1397.0057265451705, 1397.20614083964, 2022.2175946222999, 814.3279437671288, 536.6796064692602, 1890.541721306356, 467.0171303068015, 1140.000877192645, 1638.3751096742162, 1231.7942198273217, 1665.2498311064319, 1150.2769231798054, 936.4769084179278, 1311.3184205218806, 1503.002994008994, 1049.169195125362, 31.144823004794873, 1846.1194435897153, 1131.6624938558316, 659.9181767461781, 954.4045263932899, 622.0490334370756, 1031.9321683134024, 1878.9744543234217, 1924.7973919350577, 1891.6765051139162, 424.6998940428406, 1219.804902433172, 1786.4862160117552, 1763.8268055566, 1171.0273267520276, 1644.281301967519, 1457.3472475700498], [580.679774057957, 3056.2110529215747, 369.4116944548453, 2325.0008602148946, 1742.2238662123764, 2545.3803252166463, 1619.8006050128515, 0.0, 1042.56846297977, 952.5024934350565, 516.5675173682527, 636.3874605929944, 3239.9151223450285, 2713.7133231054454, 2801.977337524342, 2910.897627880445, 3438.8045888069882, 3098.4463848838823, 3534.5892264872873, 1354.5375594644838, 800.7121829971117, 2544.0764532537146, 2554.229825211506, 2977.1009388329444, 1062.0583788097526, 1678.5148197141425, 1070.4601814173193, 327.8795510549568, 99.74467404327912, 1426.4028182810073, 3476.3313996223087, 263.00760445279906, 2778.1785399790274, 1328.753551265245, 1081.0, 3415.151241160485, 1706.3015559976495, 1271.2611848082204, 1376.2005667779679, 1417.0973855031982, 3593.9483858286003, 2939.81291921782, 2144.3584122063176, 3873.992256058342, 3351.2245523092, 1025.3687141706637, 2064.073884336508, 3361.7586171526355, 1181.328912708057, 2479.499344625846, 3504.164950455386, 1925.7105182243774, 1175.2455062666693, 1973.6273711113756, 2573.9933954849225, 1810.5659336240699, 1437.4233892628852, 1679.3242688653077, 222.0923231451281, 1812.7032299855373, 1103.909869509282, 1712.5495613266205, 3375.4224920741403, 2752.625292334574, 1804.1665665896817, 1811.4715012939066, 1732.6892393040364, 1068.8166353495815, 1523.5750719935004, 1402.849243504091, 811.5294202923268, 1617.8470261430775, 866.6544870939052, 1732.9203674722044, 1483.2531813550916, 156.60459763365824, 2851.4271865155524, 3265.220513227246, 1881.4316357497553, 1391.0618246505078, 2030.194571956097, 2963.3393325773545, 2425.1783439574087, 1648.4380485781078, 778.9460828581141, 1157.09031626749, 1995.3651294938477, 2431.1630961332066, 2150.0923235991518, 729.5382101028019, 275.35613303502066, 3541.5252363918007, 568.5578246757317, 1343.8154635216845, 489.87549438607357, 3403.3138262581665, 156.54072952429985, 451.3679208805163, 41.773197148410844, 1753.917044788607], [515.1970496809935, 2096.84644168332, 1063.5309116335077, 1572.4681236832753, 1499.7243079979733, 1792.8402048146957, 617.6026230514245, 1042.56846297977, 0.0, 876.9492573689769, 1232.8280496484495, 420.0309512405008, 2279.8589868673894, 1805.0498608071746, 2044.1213271232214, 1924.9025949382478, 2433.5266589869116, 2075.7632331265527, 2499.853195689699, 595.6148084122825, 506.9092620972712, 1507.194081729357, 1520.1450588677385, 1947.7692368450632, 30.14962686336267, 1156.7475956318215, 293.9557789872484, 1316.14132979707, 944.0052965953104, 784.0229588475072, 2571.567031986528, 822.2469215509415, 1968.4270370018799, 330.00151514803684, 620.7898195041539, 2396.3148791425556, 715.6675205708304, 528.5640926131854, 1407.304160442937, 1328.4351696639171, 2583.769726581686, 2015.0158808307194, 1161.214881062071, 2841.285800478368, 2336.0070633454857, 73.7563556583431, 1173.483702485893, 2467.9679900679425, 683.2312931943326, 1473.4049002226102, 2695.2968296645918, 902.5940394219319, 1360.2371116831066, 932.6403379652844, 1534.828003393214, 1220.0598345982871, 535.414792474022, 661.3962503673573, 970.2752186879762, 941.2810419848049, 532.202968800438, 1292.3579225586077, 2449.710595152007, 1869.9863635866438, 927.4750670503224, 1149.8043311798751, 1627.5518424922752, 870.9006832010181, 1041.1551277307335, 1498.8745778082969, 329.23699670602025, 613.2927522806706, 1288.7734478953234, 906.368578449187, 834.8802309313594, 1090.4870471491167, 1834.8329624246453, 2281.7997282846713, 1074.3649286904333, 635.9402487655582, 1249.0576447866608, 2093.269452316161, 1598.5596641977427, 641.8138359368704, 1238.374741344477, 663.6181130740782, 1167.5208777576527, 1395.1275927312167, 1220.1516299214618, 416.0588900624526, 1286.3965174082211, 2510.241821020437, 1274.0757434312923, 547.2668453323296, 606.884667791171, 2372.504162272429, 1194.8062604456004, 593.6194066908528, 1072.5008158505054, 1189.840325421861], [582.0687244647319, 2886.1651026924983, 664.6878966853541, 2448.640439100849, 805.4495639082561, 2668.072712652337, 1436.5545586576236, 952.5024934350565, 876.9492573689769, 0.0, 708.8307273249376, 834.2002157755654, 3064.234488416316, 2638.3549799069874, 2917.6017548664863, 2689.067124487598, 3152.997938470623, 2766.105023313468, 3132.7499102226466, 669.4811423781853, 389.34432062122085, 2023.2315734981994, 2017.0099156920373, 2621.830848853526, 867.5511512297128, 753.0478072473221, 1133.0322148994705, 1007.1206481847148, 907.2430765787083, 614.9504045042983, 3393.3424525090304, 946.8780280479635, 2834.3339605628694, 1184.9206724502699, 1388.0360225873103, 3087.1172637267928, 1158.9391701034183, 620.9186742239276, 550.8402672281684, 518.1235373923868, 3289.8416375260376, 2833.9585388639684, 1960.6090890333035, 3475.1300695081904, 3037.2910627728784, 806.2257748298549, 1317.3579619829989, 3297.4599315230503, 385.64880396547323, 2225.0182021727373, 3555.0360054435455, 1658.6657288314605, 484.81439747598256, 1611.4595868342465, 2180.43688282876, 897.8251500153023, 1409.8216199221802, 1453.1087364681282, 1071.851668842289, 1810.2734600054214, 1332.8975954663583, 763.0969794200472, 3259.6788185341206, 2714.6007072864327, 1084.26288325295, 2019.309287850675, 845.6979366180339, 129.3213052826177, 601.1089751451062, 631.0507111159926, 975.1579359262786, 1119.4927422721416, 515.139786854015, 1782.1559976612598, 657.3712801758227, 1097.1025476226002, 2549.5450574563297, 3039.4279066956005, 1085.08617169329, 684.5056610430626, 1195.4183368177016, 2939.4164386830253, 2465.1784925234115, 1452.8196722236385, 511.40981609664084, 376.0917441263501, 2039.9178905044193, 1913.7933535259233, 2058.5106266424764, 533.8773267333986, 1023.5389587113917, 3158.3986448831947, 715.5452466476177, 1419.3988164008028, 594.4182029514237, 3026.4870724984107, 1080.9338555156833, 796.8437738979957, 993.9869214431345, 836.301381082203], [721.5019057493888, 3328.1015609503265, 189.70766985021982, 2702.9866814322263, 1386.1781992225963, 2926.72940327595, 1850.2378225514688, 516.5675173682527, 1232.8280496484495, 708.8307273249376, 0.0, 925.9897407639029, 3511.4726255518494, 3021.266290812513, 3184.3858120523023, 3157.623315090006, 3661.70028811753, 3295.0411226568935, 3700.1844548616764, 1311.8605108775857, 796.1570196889555, 2633.385083879682, 2634.369753850055, 3160.7752213657964, 1241.0680883819389, 1454.3899064556244, 1369.8412316761385, 355.81034273893727, 554.4159088626516, 1307.4559265994399, 3789.930078510684, 708.8758706571977, 3138.549027815242, 1559.140789024519, 1481.3051677490362, 3617.2531014569604, 1759.793453789393, 1242.0116746633262, 959.4383773854369, 1041.6357328740216, 3809.426859778253, 3237.8823326365646, 2393.579954795745, 4043.771754191871, 3559.6342508746598, 1186.8449772400775, 2004.3006261536716, 3681.913225484816, 1059.8358363444784, 2704.046782139688, 3870.4069553472023, 2130.0950683009432, 730.9883720005402, 2133.645003274912, 2732.2642624753557, 1602.4284695424005, 1726.4634372033483, 1892.9363433565325, 732.6097187452539, 2129.1587540622704, 1475.847214314544, 1436.2297866288668, 3674.352868193255, 3076.0162548335143, 1757.960465994614, 2207.764706665998, 1325.5165031036015, 837.7977082804655, 1305.9253424296505, 959.3414407811225, 1122.5016703773763, 1693.8550705417508, 388.6592337768395, 2067.313474052738, 1355.4371988402856, 663.8531464111622, 3059.694919432328, 3514.4793355488664, 1782.7689137967377, 1337.9555299037409, 1901.6540169021282, 3295.255073586869, 2773.846426895332, 1874.6418324576032, 307.52723456630633, 1042.2475713572087, 2336.1986216929417, 2520.5658094959554, 2439.615748432527, 823.6601240803151, 400.2811511925087, 3716.9235935111715, 53.85164807134504, 1670.430483438326, 638.2538679867126, 3580.713476389866, 554.0983667184014, 760.384771020567, 542.2628513922008, 1539.9003214494112], [262.86498435508673, 2435.4270672717753, 739.4322146079382, 1777.9904386694548, 1598.6910270593253, 2001.887609232846, 984.16106405405, 636.3874605929944, 420.0309512405008, 834.2002157755654, 925.9897407639029, 0.0, 2619.3932503539822, 2108.784721113087, 2259.382659046493, 2281.939525929642, 2805.8029153880357, 2462.3779157554186, 2898.5141020874817, 883.5298523536146, 468.01816204074817, 1926.552361084432, 1939.9837628186478, 2340.71634334449, 443.8975106936285, 1363.7437442569626, 450.56409089051914, 933.6434008763731, 536.6563145999495, 1025.0004878047619, 2876.4528503001748, 403.0682324371396, 2212.773146980955, 692.4081166479781, 584.1318344346591, 2779.6310906305534, 1124.1076460908894, 800.186228324382, 1381.5531115378808, 1348.7542400304067, 2960.012162137176, 2330.310923460644, 1513.880444420893, 3237.6758639493237, 2716.229187679125, 421.34309060431974, 1547.80683549337, 2765.7338989859454, 833.0720256976584, 1845.3021432816904, 2944.5469940213216, 1289.323078208096, 1265.6843998406555, 1341.3426109685772, 1939.619808106733, 1462.190138114739, 816.4073738030543, 1042.9443896967853, 550.276294237722, 1210.0264459919874, 558.4639648177848, 1459.8222494536792, 2767.2549575346325, 2157.6053856069234, 1291.1281888333165, 1290.091469625313, 1673.5283086939403, 889.504356369321, 1221.8944307917932, 1452.1380788341032, 196.57314160383152, 1025.854765549198, 1092.1359805445475, 1143.192897108795, 1083.0295471500303, 671.6814721279723, 2215.9535193681295, 2637.6064907411796, 1410.4814780776103, 925.1994379591894, 1578.148598833456, 2374.637024894542, 1848.909137843177, 1012.5260490476282, 1021.8267954991198, 807.4930340256813, 1411.6858715734177, 1814.7244969967205, 1533.8552734857353, 316.07752213657966, 895.6751643313552, 2905.1602365446215, 974.9179452651387, 746.0810947879594, 305.09834480049216, 2766.9409101027077, 783.7576155929842, 187.21645226849054, 662.6160275755485, 1418.3433998859373], [2790.409468160542, 183.96738841436002, 3337.276883927973, 1160.5434072019882, 3344.339994677575, 1054.7630065564492, 1662.5101503449534, 3239.9151223450285, 2279.8589868673894, 3064.234488416316, 3511.4726255518494, 2619.3932503539822, 0.0, 572.6587116249957, 965.1678610480147, 385.6591759572174, 410.47898850002053, 564.1630969852602, 828.073064409174, 2446.416563057077, 2759.832241278444, 1366.5229599242011, 1407.3663346833332, 683.3944688099253, 2273.765599176837, 2861.4000069895856, 2171.813297684679, 3551.372269982408, 3141.9390509683667, 2605.660952618356, 431.335136523794, 2981.1509522330466, 805.4526677589441, 1952.331938989884, 2212.7785700336126, 540.0148146115994, 1971.55902777472, 2466.001824816843, 3489.732654516675, 3357.25974568546, 544.0964987941018, 349.35655139126845, 1118.9374423979207, 988.5312336997754, 478.21752372743515, 2330.8567094525565, 2185.8401130915317, 421.882685115187, 2721.426831645488, 843.9389788367403, 881.7766157026393, 1406.18810974919, 3530.8038744739138, 1467.530238189319, 1023.2907700160303, 2793.38164238258, 1804.1430098526002, 1626.6038239227153, 3090.013754014697, 1435.6214682150724, 2158.811015350811, 3041.876394595941, 265.2413994835648, 601.6410890223506, 2228.8304107760196, 1601.8355096575929, 3553.4020318562325, 3002.593046018724, 2861.048234476308, 3597.2000222395195, 2431.5530016843145, 1973.5361663775002, 3542.6916320786377, 1528.6480955406316, 2608.0448615773466, 3229.29233733956, 606.934098564251, 169.5670958647343, 2384.5278358618502, 2451.326375658696, 2465.059837001934, 529.1445927154505, 954.8570573651325, 1639.424899164338, 3503.0856398324036, 2718.9703933658416, 1294.3477121701108, 1415.55501482634, 1090.2407990898157, 2694.3808194091644, 3509.735745038364, 766.5487590492858, 3553.6263168768887, 1899.7226113304016, 2877.226442253025, 705.0283682235772, 3371.6057005527796, 2805.345789737871, 3258.4040572034646, 2819.330594307805], [2301.4597541560443, 411.6916321714591, 2840.912705452246, 604.6924838295909, 3023.7513125255523, 553.8312017212464, 1202.930588188695, 2713.7133231054454, 1805.0498608071746, 2638.3549799069874, 3021.266290812513, 2108.784721113087, 572.6587116249957, 0.0, 585.3110284284758, 444.21278684882543, 916.6684242407393, 815.9865194964926, 1249.6115396394193, 2070.034782316471, 2303.7751626406603, 1282.811365712044, 1329.5721116208779, 835.0149699256895, 1803.7339049870966, 2551.80328395431, 1658.229477484947, 3031.964544647579, 2617.4974689577066, 2250.5877010238905, 768.6663775657161, 2452.053221282116, 400.8241509689754, 1475.4504396962984, 1662.7041228071819, 989.853524517643, 1637.7548656621357, 2073.760111488308, 3106.294255217944, 2986.9926347415053, 1074.0135008462416, 231.9051530259731, 691.104188961404, 1492.769238696993, 913.7056418781707, 1863.8232212310265, 1964.197800630069, 662.9245809290827, 2325.6126074649665, 581.2925253261046, 955.164907228066, 1009.3805030809739, 3117.8547111756184, 1129.1363956582038, 920.7790180059492, 2509.719705465134, 1295.2907009625292, 1186.5690034717745, 2552.21570405011, 901.4149987658293, 1617.2275659288027, 2732.108709403782, 662.0732587863672, 121.23530838827442, 1942.9114750806327, 1029.5265902345602, 3217.3883819023154, 2593.0786721578656, 2524.375764421771, 3210.5641248852203, 1915.6168719240286, 1612.4754261693417, 3090.5549663450415, 983.2502224764559, 2263.8462845343543, 2691.9221756952784, 652.4944444207936, 669.7947446792936, 2120.4303808425307, 2082.8646139391776, 2233.8097501801712, 318.0251562376788, 388.85730030436616, 1185.649189262996, 3042.9375609762355, 2318.9622679120935, 733.4971029254308, 1285.4018826810548, 584.9316199351853, 2220.4058187637684, 2986.862735379716, 1207.7553560220713, 3066.2918973900705, 1370.4305892674754, 2383.057280050146, 1100.425826668931, 2838.9704119627595, 2291.440813113007, 2729.3488234375614, 2524.4486526764613], [2489.7654508005367, 881.8508944260361, 2996.225959436304, 481.4145822469444, 3411.2925702730336, 257.75181861628056, 1516.2773492999227, 2801.977337524342, 2044.1213271232214, 2917.6017548664863, 3184.3858120523023, 2259.382659046493, 965.1678610480147, 585.3110284284758, 0.0, 1005.9194798789812, 1372.065596099545, 1373.052438911202, 1764.0821976313916, 2429.3877829609664, 2549.873134099028, 1846.6190727922205, 1893.5746618499097, 1411.7609571028659, 2051.117987830052, 2959.586626540943, 1828.4184422609612, 3129.534789709167, 2713.52353960676, 2625.21389604733, 875.0022857113003, 2540.8522192366877, 185.6906028855526, 1734.4339134138263, 1721.5911245124378, 1483.2683506365258, 2058.3770305753023, 2415.341797758653, 3427.371150021544, 3325.490039076948, 1509.0215372883185, 668.6830340303244, 1121.5435791800512, 1953.5508695705878, 1411.8587039785532, 2112.7422937973292, 2451.195626627952, 752.3735774201537, 2653.3399706784653, 1134.5809799216624, 711.2474956019178, 1422.2081422914157, 3402.291727644765, 1581.1065745230458, 1492.3220161881952, 2939.7635959376053, 1508.8157607872474, 1529.268125607802, 2611.321887473852, 1108.538677719456, 1711.2825599532066, 3135.430592438621, 879.9965909024876, 469.1961210410845, 2388.2081148844627, 991.0005045407394, 3586.712840471063, 2895.3155268467717, 2908.487579481817, 3525.777219280878, 2063.5379812351407, 2009.7840680033266, 3319.263924426619, 1138.7010143141174, 2648.6466355480493, 2747.96979604944, 1234.706442843804, 1117.9776384167976, 2575.5317897475074, 2450.0653052520865, 2707.5451981453607, 436.1112243453498, 471.1528414431988, 1509.4545372418474, 3259.831283977746, 2641.9093474228066, 877.7066708189018, 1836.0950411130684, 936.8553783802492, 2439.898563465293, 3076.5851199016092, 1711.0844514517687, 3233.970469871362, 1524.7757212127954, 2557.7406045179796, 1623.5393435331341, 2905.3182269761774, 2426.1244815548935, 2809.1938345368767, 2945.202200189318], [2438.901802041238, 236.10379073619296, 2987.286394037237, 1028.5805753561556, 2958.7492289817333, 997.9949899673845, 1308.3260297036056, 2910.897627880445, 1924.9025949382478, 2689.067124487598, 3157.623315090006, 2281.939525929642, 385.6591759572174, 444.21278684882543, 1005.9194798789812, 0.0, 544.45018137567, 372.08735533473856, 814.8275891254542, 2064.298670250989, 2394.407024714052, 1008.7318771606259, 1052.110735616741, 411.1265012134343, 1916.7318539639289, 2475.9008461568083, 1840.543398021356, 3215.567446034992, 2811.897579927121, 2221.2271383179163, 788.7287239602726, 2656.0271082953955, 821.1972966346151, 1601.708150694127, 1918.0954095143443, 575.7820768311567, 1586.8037055666337, 2086.0455412094916, 3106.77469411607, 2973.188524126918, 706.3426930322137, 362.1670885102621, 768.3033255166868, 1085.0184330231446, 499.8129650179155, 1972.1059809249602, 1806.3715011038012, 740.3269547976759, 2341.3263335126953, 464.1077461107496, 1166.6726190324346, 1035.7190738805577, 3152.029980821883, 1085.3865670810562, 652.1265214665019, 2408.9765461705933, 1474.7315009858573, 1265.3461976866251, 2772.8577316551964, 1137.7539277014164, 1853.7017020006213, 2656.4399108581397, 627.0853211485659, 543.0036832287605, 1843.6756764680713, 1380.8403238608003, 3167.761512487959, 2624.1726315164556, 2475.5560991421703, 3214.488606294942, 2099.4363529290426, 1591.100876751691, 3173.45001536183, 1240.8005480334057, 2222.9766080640616, 2910.9620402883993, 260.4496112494699, 356.9313659514949, 2000.9622685098288, 2068.3060701936743, 2085.2244483508243, 621.486122129851, 807.5301851943369, 1283.218219945462, 3136.583172817198, 2339.5600013677786, 1040.4772943221778, 1046.5338026074458, 784.780224011793, 2336.2827311778856, 3176.808776114798, 779.6332471104603, 3198.218410302836, 1585.4478862453977, 2528.0421278135377, 663.4470589278394, 3047.8431718183924, 2468.988861862281, 2931.815137419138, 2434.326600930943], [2948.6878437705136, 510.92563059607807, 3496.6809977462913, 1521.2166183683375, 3335.299836596404, 1441.976421443846, 1823.6954241320013, 3438.8045888069882, 2433.5266589869116, 3152.997938470623, 3661.70028811753, 2805.8029153880357, 410.47898850002053, 916.6684242407393, 1372.065596099545, 544.45018137567, 0.0, 400.98004937901834, 434.2188388359031, 2504.2781395044763, 2883.7491222365375, 1267.9755518147817, 1300.1849868384113, 554.2030313883171, 2422.7375012576167, 2852.8983508004626, 2370.5497252747095, 3737.9459600160085, 3339.372695582211, 2640.9816356801875, 743.5005043710462, 3186.875899686086, 1206.385096061784, 2117.8340350461835, 2460.9104006444445, 159.66527487215245, 2012.0994011231155, 2537.0502557103596, 3532.472929832584, 3390.2648864063704, 162.265215003093, 724.9531019314284, 1295.7345407142623, 584.2302628245134, 143.8923208513922, 2475.3254331501544, 2130.638401981904, 784.3889341391807, 2789.172816445765, 961.3792175827393, 1237.6707962943942, 1531.8798908530655, 3600.240686398619, 1543.6223631445614, 990.13584926514, 2765.8651449410904, 2007.7462489069678, 1772.5205217429782, 3307.5008692364695, 1681.5023044884595, 2394.477813637036, 3029.5882558526, 604.1936775571224, 975.5331875441245, 2220.629190117071, 1915.9023983491434, 3553.948930415292, 3077.037536332633, 2874.717377412952, 3641.34604233105, 2627.7886140251085, 2035.9027481684875, 3650.7710144570833, 1785.130807532042, 2634.2097486722655, 3444.8097189830382, 604.7346525543248, 255.78506602223672, 2353.7748405486877, 2502.2885525054858, 2406.709163983052, 936.2846789305056, 1304.8497997854006, 1796.6148724754562, 3620.02541427543, 2790.5334615445845, 1581.768946464685, 1344.977694982337, 1328.7114058364969, 2838.0488015536307, 3701.4532281254073, 366.29223305988893, 3700.06445889798, 2124.3222448583456, 3040.0666111123287, 341.34440086223765, 3578.627949368305, 2993.0005011693534, 3461.187368519653, 2800.0435710895645], [2589.1537227441713, 522.5514328752721, 3134.846248223348, 1389.5125044417557, 2934.3282025022354, 1369.4790980515183, 1478.8008655664223, 3098.4463848838823, 2075.7632331265527, 2766.105023313468, 3295.0411226568935, 2462.3779157554186, 564.1630969852602, 815.9865194964926, 1373.052438911202, 372.08735533473856, 400.98004937901834, 0.0, 474.6503976612682, 2111.847058856299, 2509.582036913717, 871.2777972610113, 905.4943401258785, 153.37535656030275, 2062.7636801146173, 2451.992251211247, 2039.374659056055, 3388.9858365003533, 2998.7105562224574, 2244.0180480557638, 991.2466897800971, 2852.3283471578093, 1189.5755545571706, 1770.154795491061, 2165.0, 322.6019218789622, 1618.1300936574908, 2147.6091357600435, 3135.242574347318, 2991.9139359279707, 524.3786799632495, 712.1586901807771, 979.6208450211745, 789.0057034014393, 272.18376145538144, 2112.7179177542844, 1730.9849797153065, 984.6486683076355, 2398.0233526802863, 630.4958366238433, 1441.424989376832, 1174.7310330454372, 3207.6321484858577, 1164.398986602101, 592.0033783687387, 2365.0507394134274, 1685.895607681567, 1420.211251891774, 2979.8531843028777, 1402.1914990471166, 2089.454713555668, 2628.6125617899647, 827.0217651307612, 914.2450437382748, 1820.0222526112148, 1699.5272872184194, 3153.118139239315, 2686.6516335394135, 2474.9240392383763, 3244.199747241221, 2291.9794938000646, 1646.880991450202, 3268.2521322566286, 1511.7436952076234, 2236.0040250411, 3114.963402674259, 253.40284134160768, 419.31968711235106, 1952.9078319265352, 2108.420498856905, 2007.7649264791933, 969.8876223563223, 1169.109062491605, 1450.015861982206, 3240.5081391658314, 2400.2883160153906, 1347.5251389120724, 944.9338601193207, 1060.3494706935069, 2472.381847530838, 3355.549582408223, 458.70360800848295, 3331.630831889992, 1815.4167565603223, 2682.2155021548883, 324.59975354272837, 3242.5213954575534, 2648.8354044749553, 3123.081971386598, 2399.0758637442045], [3007.5787603984704, 882.3361037609194, 3547.5580333519565, 1843.2563576453495, 3208.972577009657, 1799.3471038129358, 1921.3185576577353, 3534.5892264872873, 2499.853195689699, 3132.7499102226466, 3700.1844548616764, 2898.5141020874817, 828.073064409174, 1249.6115396394193, 1764.0821976313916, 814.8275891254542, 434.2188388359031, 474.6503976612682, 0.0, 2466.256474902803, 2906.6690558094156, 1132.5528685231432, 1151.5020625252914, 563.6922919465903, 2484.331902141902, 2736.133220440847, 2487.4291949721905, 3815.9635742496284, 3434.9416297806283, 2575.3077486001553, 1176.2418968902612, 3294.117180672236, 1588.6903411300768, 2207.266408932098, 2629.912926315242, 288.0850568842473, 1973.817114121772, 2512.0656838546242, 3457.122069004796, 3306.8465340865155, 389.3995377501108, 1097.5613878048007, 1444.6792031451134, 343.7397271192261, 353.73577709923546, 2530.5497426448665, 1985.9994964752634, 1218.2364302548172, 2754.1192784627174, 1095.753621942451, 1671.7012292870995, 1610.6054762107324, 3552.152164533496, 1570.4292406854886, 968.4012598091764, 2631.278016477924, 2141.865775439722, 1856.924608054942, 3426.233500507518, 1873.9871931259295, 2551.2134367786634, 2905.248526374293, 1038.2851246165478, 1331.9192918491722, 2122.1922627321023, 2173.2132891182127, 3434.2692090166724, 3042.9410115873097, 2780.6391351629936, 3565.932837281151, 2735.2815211601164, 2019.6163001916973, 3643.4001976176046, 1984.1496919335495, 2559.0601790501137, 3559.384778300879, 724.0897734397304, 660.1090818948032, 2227.0056129251225, 2457.0181114513584, 2249.4330396791097, 1334.655386232716, 1622.23703570101, 1891.4579033116227, 3622.6711139710155, 2759.504484504419, 1821.9234341760907, 1232.7485550589788, 1534.5096936806883, 2883.3378227325356, 3785.7165768187137, 73.78346698278686, 3733.872654496937, 2276.7821591008656, 3102.1903552167782, 152.32202729743324, 3681.774028915952, 3083.3828824847556, 3561.0655708649906, 2673.229133463871], [783.1711179557121, 2273.839484220467, 1203.2476885496187, 1990.5087289434327, 985.6429373764112, 2195.8872921896514, 914.0689251910931, 1354.5375594644838, 595.6148084122825, 669.4811423781853, 1311.8605108775857, 883.5298523536146, 2446.416563057077, 2070.034782316471, 2429.3877829609664, 2064.298670250989, 2504.2781395044763, 2111.847058856299, 2466.256474902803, 0.0, 557.609182133867, 1353.771398722842, 1347.9651330802292, 1964.8088965596628, 567.609020365251, 576.3401773258568, 882.0255098351748, 1532.485889005181, 1272.0947291770374, 204.62893246068603, 2801.3004123085407, 1216.8915317315673, 2319.270574986886, 754.8152091737421, 1215.3028429161186, 2430.7056588571145, 494.65240320855617, 85.09406559801923, 1043.986589952189, 917.7085594021667, 2636.2209694940216, 2246.4710102736694, 1379.0957182153818, 2807.952278796775, 2383.9148474725353, 535.9897387077481, 711.8040460688602, 2714.4798765140995, 287.9201278132531, 1602.488377492954, 3014.579240955527, 1062.243380774858, 1096.0082116480696, 979.0163430709418, 1521.9231255224424, 625.479815821422, 995.3542083097856, 902.1230514735781, 1371.7496127209222, 1339.4002389129248, 1123.0106856125635, 732.0724007910693, 2658.3620897086234, 2159.7800813971776, 454.37099379251754, 1652.0463068570446, 1157.887732036228, 577.041592954962, 487.7550614806575, 1151.0039096371481, 890.0247187578557, 473.240953426476, 1184.1190818494565, 1346.5827119044711, 245.93495074917675, 1457.0219627720098, 1905.0262465383514, 2406.995845447183, 533.8248776518382, 42.01190307520001, 696.3232008198491, 2382.8067483537143, 1960.4514786140462, 919.9391284210059, 1173.2540219406878, 293.8196725884773, 1570.5139286233664, 1244.3512365887696, 1513.9395628624018, 635.3030772788685, 1526.8467506596724, 2493.664973487818, 1333.2704151821565, 1074.0372433021118, 866.9728946166656, 2363.104949002477, 1508.8502245087152, 985.0507601134066, 1393.7736545077898, 598.8998246785517], [258.0949437706985, 2578.4681498905506, 661.366010617419, 2076.174607300648, 1130.6935924466893, 2297.5519580631903, 1103.8378504110103, 800.7121829971117, 506.9092620972712, 389.34432062122085, 796.1570196889555, 468.01816204074817, 2759.832241278444, 2303.7751626406603, 2549.873134099028, 2394.407024714052, 2883.7491222365375, 2509.582036913717, 2906.6690558094156, 557.609182133867, 0.0, 1838.6367232272937, 1840.8112342116995, 2372.266848396276, 503.24149272491434, 926.0539941061752, 746.2338775477833, 979.4166631214725, 723.1051099252445, 630.8922253443927, 3067.2860968615237, 694.0958147114849, 2475.31977732171, 830.7647079648966, 1000.556345239987, 2832.178313595385, 967.1571744034162, 476.689626486669, 938.7843202780924, 889.2721743088558, 3028.0497023661947, 2508.776594278574, 1643.121724036293, 3250.38889980876, 2776.8186833136947, 441.9377784258775, 1269.4002520875754, 2966.3015692946665, 398.0276372313862, 1934.0860890870397, 3201.745773792791, 1359.0824110406256, 861.9570754973823, 1345.353856797534, 1939.8603042487364, 1041.4801966432199, 1041.8838706880915, 1133.4804806435795, 843.3178522953252, 1448.1854163055227, 943.6318137917988, 1003.6742499436757, 2940.763336278525, 2372.543361036843, 1011.2274719369525, 1634.64277443116, 1210.5205491853494, 