{"TourSize": 100, "DistanceMatrix": [[0.0, 1699.5464100753472, 1845.7228936110641, 942.3274377837038, 2709.4062080094227, 1440.001388888219, 1315.0285168010616, 1751.112217991754, 1226.9282782624255, 1379.0232050259342, 1953.647358148343, 542.65274347413, 744.452819190041, 1288.5045595573188, 511.1653352879086, 1371.3125099699193, 1957.1471584937092, 876.812408671319, 1267.4651868986382, 956.0130752243925, 2104.9030856550144, 1759.0727671134016, 2015.962549255318, 658.5992711808904, 2052.035087419316, 1051.4927484295838, 462.17961876309516, 2477.9977804671253, 844.6182569658318, 1615.0049535527746, 1136.8663070035984, 806.9752164719806, 1648.9026654111515, 2229.003589050498, 1738.828628703818, 1491.3594469476498, 1043.1917369304647, 2487.1143922224405, 2392.4140527927016, 379.03298009540015, 1641.0386954608962, 1195.0066945419176, 2875.2302516494224, 1519.5700049685108, 1646.7971945567554, 576.6671483620339, 1203.0066500231826, 1728.6601748174799, 861.9756377067741, 2216.6364158336837, 1523.4963078393068, 1977.1317609102334, 32.31098884280702, 1545.385712370863, 1114.0166066984818, 2651.0088645645833, 1512.5491727543936, 2503.4506186461917, 1782.802568990745, 1058.6467777308917, 948.05274114893, 2002.1912995515688, 1472.7613520187172, 961.2080940150265, 1023.5164874099488, 1443.4160869271202, 1040.0, 1690.9089271749676, 1598.8786695681445, 2350.7807213774745, 2454.8503009348656, 2217.7686984895427, 1863.4132660255482, 1561.8866796281989, 1637.8925483681767, 2456.4991349479446, 1238.2931801475772, 1254.1873863183284, 740.7624450523933, 1224.0543288596302, 1723.7728968747595, 1365.711902269289, 2029.072694607071, 1859.2269899073647, 215.87264764207623, 2526.1215331016833, 2317.2796551128654, 2507.6485000892767, 1830.7080597408205, 2142.093368646661, 2315.8795305455765, 1361.8120281448537, 924.8762079327157, 2431.3356411651603, 2400.6240855244287, 2036.654364392741, 1832.8821566047284, 2406.5348532693224, 1271.7692400746294, 1650.458421166677], [1699.5464100753472, 0.0, 1118.2133070215182, 1352.735376930758, 1157.3556065445055, 552.2408894676308, 2851.3986041940893, 972.2756810699319, 2573.6792729475833, 1824.2217518711918, 2632.052431088712, 1580.8257335962114, 1022.0958859128629, 1561.1181889914678, 1234.602770124869, 2436.577928160723, 1266.940014365321, 1973.0326910621627, 1871.16701552801, 1195.7646089427467, 617.4504028664975, 853.9935596946852, 349.4810438349983, 2191.603294394312, 1348.8165182855673, 2499.3345114249914, 1244.4340078927448, 1145.9655317678626, 2041.4235229368746, 331.30801378777426, 767.3232695546252, 2332.3260921234837, 1803.439491638131, 1449.670652251745, 76.2954782408499, 1685.6823544191236, 2233.0358259553295, 1090.5576555139119, 1052.9050289556035, 1477.538493576394, 713.740849328382, 1111.3293841161585, 1299.1401002201417, 2432.8947778315446, 1892.5234476750875, 1903.024172205913, 782.0927055023592, 2417.8478033159986, 1872.632371823151, 628.0071655642155, 2577.4532003510753, 2658.8719412562914, 1714.8206903347068, 499.38462130906674, 1051.6924455371923, 1195.8871184187913, 1661.6368435973006, 1508.4127419244376, 988.7107767188542, 1107.680910731967, 2336.080906133176, 585.8498101049449, 2466.2862769759718, 1171.047821397572, 708.4546562766033, 2254.149950646585, 893.6632475379079, 208.65521800328887, 1335.1498043290874, 679.2230855911774, 1019.1525891641545, 777.5680034569324, 1124.9822220817537, 1649.0494231526234, 715.3586513071607, 772.8143373411236, 503.7459677257973, 2638.7512198007603, 1107.7116050669506, 476.16068716348263, 1919.6158469860577, 2751.4739686211824, 630.1253843482264, 2564.8307936392216, 1484.6457489919944, 922.6440266971873, 2739.207367104579, 1292.0112228614735, 667.2046162909846, 1376.1140941070257, 616.3700187387443, 1873.585332991268, 1640.5029716522918, 733.8780552653145, 717.8648897947301, 2505.532478336691, 2024.9683948150894, 1314.152198187105, 1783.4138611102023, 1762.1296774074262], [1845.7228936110641, 1118.2133070215182, 0.0, 975.9805325927357, 2130.104457532541, 1544.6957629255023, 2533.5471181724647, 2042.9990210472447, 2141.061886074291, 1075.2134671775648, 1769.9663838615693, 1413.4839935421978, 1545.482772469496, 863.4958019585272, 1626.2598193400709, 1842.2054717104713, 2349.186242084693, 1569.4116732075113, 1199.5519997065571, 1918.9601350731598, 806.1811210888035, 1938.2394072972513, 1073.1682067597792, 2012.408010319975, 2439.1238180953424, 2165.1443369900308, 1453.477554006253, 2233.9619513322064, 1672.3447611063934, 792.8795621025932, 1575.4497770478117, 2107.112716491455, 886.2398095323861, 2555.493690072429, 1061.811659382209, 849.4562966980703, 1783.8621022937843, 2162.296233174354, 2145.1829758787476, 1477.6010963720892, 414.3971524998694, 1962.775585745859, 2229.644366261131, 1744.6220221010624, 992.4615861583762, 1688.2399118608705, 1640.8369815432611, 1604.541367494151, 1466.5827627515605, 1655.5603281064691, 1940.903913129138, 1793.880988248663, 1841.087993551639, 1545.3290911647266, 1865.3112340840066, 2231.69375139153, 809.3763030877541, 2626.45502531454, 130.13838787997952, 790.2126296130681, 1996.1184834573323, 1695.8328337427602, 1818.607434274918, 1897.6459100685777, 1347.2390285320566, 1555.225064098441, 1651.3766983944033, 910.6184711502398, 415.32637768386445, 1220.6985704915035, 2081.8993731686455, 1863.502347731282, 17.72004514666935, 763.4664367213531, 1780.7821315365898, 1326.6427552284, 960.1338448362291, 2221.5996489016648, 1674.5686011626995, 1148.5573559905488, 982.9476079629067, 2312.9210967951326, 1739.886490550461, 1729.0650652881748, 1690.269209327319, 1878.2600991343024, 1747.9204787403803, 2396.8687907351123, 483.3890772452352, 2477.278547115766, 1383.148943534282, 1141.9916812306471, 1195.9786787397172, 1499.6886343504775, 1570.6638723800838, 1565.0846622467425, 1055.9592795179178, 2430.775390693266, 1100.0963594158468, 837.2645937814401], [942.3274377837038, 1352.735376930758, 975.9805325927357, 0.0, 2508.4905820034487, 1433.7785742575456, 1607.403185264979, 1918.8123931223708, 1262.1283611423999, 579.6153897197693, 1362.8253739933082, 444.6403040661069, 994.9758791046143, 383.5896244686501, 933.6942754456621, 1083.9949261873876, 2206.5670168839197, 654.1719957320093, 560.1365904848567, 1407.2135587749287, 1486.9384654382977, 1862.6244924836567, 1552.0541227676308, 1039.9557682901711, 2307.9456232762504, 1237.2372448322108, 689.2553953361555, 2432.336325428702, 743.3417787263138, 1102.6749294329675, 1263.8639167252145, 1143.8225386833396, 757.5255771259476, 2467.157473693157, 1349.9666662551338, 592.7039733290136, 905.402672847833, 2399.9027063612393, 2337.4524594096024, 564.6848678687963, 921.8313294741072, 1563.0259114934722, 2651.867266663247, 1090.0, 787.9048165863692, 714.5488086897914, 1350.5924625881785, 1130.7630167280852, 547.727121840794, 1977.8943348925393, 1225.1701922590184, 1389.9456823919415, 929.2152603137769, 1500.9463681291213, 1454.0013755151679, 2528.0001977848024, 602.8863906243033, 2653.6050949604387, 950.2683831423626, 257.62375666851847, 1065.8090823407351, 1869.6761751704491, 1115.7172580900592, 1394.8627172593008, 1011.7929630117023, 921.0955433612737, 1260.392399215419, 1230.6502346320826, 665.0248115672076, 1842.5495922769624, 2339.623260270764, 2087.98108228978, 993.3076059308113, 642.2343808922097, 1699.6767339703158, 1958.8121400481466, 871.1125070850493, 1335.618583278924, 1105.9593120906393, 1008.2628625512298, 854.9081822043815, 1441.4000138753988, 1909.8369040313364, 1281.5802745048786, 846.7183711246615, 2275.300639476023, 1597.2000500876527, 2534.545718664392, 1135.0440520085554, 2377.6259167497315, 1900.1644665659865, 602.100489951636, 290.3945591776816, 2028.4871209845035, 2045.4410282381646, 1323.016250845015, 974.0020533859258, 2496.8229813104494, 497.0010060351991, 746.5453770535319], [2709.4062080094227, 1157.3556065445055, 2130.104457532541, 2508.4905820034487, 0.0, 1273.0318142136118, 3953.0608394002743, 1166.13892825855, 3707.459642396664, 2974.302103015092, 3776.693262630684, 2701.1393892207784, 1966.8472233501004, 2710.957395460135, 2201.186043931771, 3591.3184208588355, 1237.0485034953156, 3115.9720794641275, 3027.1587338624977, 1918.135813752509, 1350.240348974952, 1077.9652127967768, 1059.4569363593785, 3279.1091778103396, 1236.4667403533344, 3615.012171487117, 2293.777670132831, 448.6568844896955, 3177.504996062162, 1448.882672958718, 1585.0529959594412, 3426.3311281894516, 2924.6350199640297, 1183.625363026663, 1170.15426333454, 2820.8433136209464, 3376.130477336443, 351.14099732158877, 460.89586676384937, 2565.450447777154, 1787.5374121958957, 1710.2879874453893, 170.07351351694948, 3590.2190740956185, 3019.9438736506345, 3014.740619025126, 1534.315808430585, 3567.679918378329, 3018.410177560366, 530.6533708552128, 3733.6525012378966, 3803.225999069737, 2731.492266143179, 1165.6281568321863, 1726.2772083301106, 218.92921230388603, 2793.161112431576, 967.1426988816077, 2014.2604101754073, 2265.02384093413, 3457.9071705295964, 707.4941695872836, 3623.1974828871803, 1898.4691201070405, 1694.6563073378625, 3410.985781266172, 1700.5557914987676, 1309.959159668728, 2435.8852600235505, 974.1047171634065, 315.56932677305633, 499.26746339011515, 2130.508155346982, 2773.3337339743302, 1127.1636970733223, 910.0428561337097, 1644.4476276245468, 3768.384269153028, 1996.5532800303627, 1551.5079761316085, 3038.202922781821, 3882.94952323617, 683.0592946443229, 3712.943441529914, 2497.13535876612, 251.9206224190469, 3848.808776751581, 629.0031796422018, 1649.0148574224552, 1179.6482526583932, 761.1622691647294, 3025.9296092275513, 2794.613747908644, 667.5874474553876, 569.3030827248347, 3631.2979773078387, 3135.414645625041, 799.0719617155892, 2938.038291105138, 2880.27168857384], [1440.001388888219, 552.2408894676308, 1544.6957629255023, 1433.7785742575456, 1273.0318142136118, 0.0, 2712.1120920787916, 513.078941294612, 2509.1283347011167, 1989.418256677062, 2792.9357314481836, 1504.4799766032115, 695.6622743831953, 1741.3213373757299, 929.7537308341387, 2464.230914504564, 819.7029949926986, 1951.1852807972903, 1993.047917135963, 704.1597830038294, 1169.2805480294282, 433.84905209070126, 880.0346584084061, 2034.4544723340457, 916.1768388253438, 2391.404817257003, 1046.8705746175121, 1054.9829382506618, 1994.2256642616953, 783.9929846624905, 314.2308068920041, 2184.5990478804115, 2054.3543998054474, 1057.041626427266, 628.0740402213739, 1910.1793109548641, 2205.058049122517, 1052.4875296173348, 964.7512632798156, 1336.2462347935727, 1132.7576969502347, 572.1546993602342, 1440.7890199470567, 2509.5914010053507, 2125.9419088959135, 1797.0523086432404, 279.7087771236362, 2563.0813486895026, 1865.328389319157, 810.0598743302868, 2616.8960621316237, 2820.1294296538945, 1463.2839779072276, 109.01834707974616, 531.741478540089, 1212.4372148692896, 1896.8291963168429, 1220.0151638401876, 1416.7205087807545, 1243.6032325464582, 2244.4188557397215, 566.2949761387611, 2519.2907732137633, 680.6944982883291, 455.4843575799283, 2350.3842239089336, 437.37855457258075, 719.9784719003757, 1650.7104531079945, 1178.6135923193826, 1015.8277413026285, 778.1220983881643, 1555.5169558702985, 1901.5788177196337, 267.8656379605268, 1249.857591887972, 632.2230619014147, 2561.923105793771, 725.275809606249, 446.4314057052886, 2170.3651766465478, 2678.044249074313, 590.3388857258177, 2713.896276573591, 1230.4653591223118, 1107.9070358112183, 2979.8276795814886, 1121.2158578971312, 1159.7413504743201, 970.7564061081441, 1041.1503253613284, 2024.341868361172, 1689.0660141036526, 1125.3750485949117, 1056.0037878719943, 2721.0962864257485, 2286.273168280641, 1065.8902382515753, 1922.406044518171, 2021.145467303133], [1315.0285168010616, 2851.3986041940893, 2533.5471181724647, 1607.403185264979, 3953.0608394002743, 2712.1120920787916, 0.0, 3062.6658322448434, 438.62170488930434, 1545.724749106386, 1495.0030100304145, 1272.774921185989, 2031.8134756911127, 1684.491614701599, 1809.04671028694, 860.4661527335053, 3271.8827912992238, 966.0331257260281, 1390.7178002743763, 2269.0141030853024, 3088.9987050822797, 3063.377384521861, 3111.9262523395378, 677.6938836967618, 3366.237662435616, 370.7411495909242, 1665.9801919590761, 3765.3627979253206, 867.1654974686205, 2666.0106901511103, 2426.450287972123, 527.7736257146619, 1856.4751546950474, 3543.3251332611294, 2869.938849522756, 1779.2832826731105, 759.6848030597953, 3764.1129101024585, 3676.3505001563713, 1387.631795542319, 2528.959469821531, 2509.459105066269, 4112.578874623561, 1073.5255003957755, 1780.6170278866819, 948.7829045677414, 2499.824993874571, 1387.3463878930886, 1071.1909260257949, 3436.013533151463, 893.0358335475682, 1503.2797477515621, 1285.594026121777, 2811.252567806742, 2428.916836781367, 3920.114794237536, 1820.4353874828955, 3817.8691700999916, 2535.3944466295575, 1857.3736834573704, 542.1217575416061, 3255.8577978775425, 964.5776277729025, 2275.225043814348, 2265.3057188821117, 1182.8989813166634, 2342.3381480904927, 2778.3694858675653, 2142.70599943156, 3423.8659436373964, 3723.3492986825718, 3477.390113288988, 2549.3891425202232, 1882.139739764293, 2932.5933915222545, 3538.614418102091, 2348.758395408093, 359.76937056953585, 2049.179591934294, 2406.6534856518088, 1849.288782207906, 340.64791207344865, 3287.7475572190756, 1422.1030201782148, 1500.4762577261927, 3746.785555646333, 1951.0502300043431, 3809.7177060774466, 2742.1232649171698, 3456.7499186374475, 3448.472415432665, 1482.713728269891, 1344.3630462044098, 3573.748312346576, 3568.987531499655, 1745.2991147651453, 1896.3451690027318, 3716.2446098178198, 1477.7350912798952, 1891.1914234154087], [1751.112217991754, 972.2756810699319, 2042.9990210472447, 1918.8123931223708, 1166.13892825855, 513.078941294612, 3062.6658322448434, 0.0, 2909.729368858898, 2485.5753861027833, 3281.6367867270137, 1928.9919647318388, 1044.766002509653, 2242.911054857058, 1255.632111726998, 2910.440516485434, 307.6572768520192, 2385.940904548979, 2478.679083705674, 829.0723731979012, 1566.428102403682, 127.76932339180638, 1229.9678857596243, 2391.3395827443665, 403.10048375064, 2769.382061038166, 1436.3732105549727, 797.6020310906938, 2415.869615687072, 1261.4059616158472, 671.7000818817875, 2542.851352320855, 2563.833457929746, 549.651707902377, 1045.665816597253, 2417.226716714839, 2630.904977379457, 847.3134012866785, 734.0878693998424, 1735.8179628060082, 1628.7571949188743, 591.3383126434478, 1331.9883633125328, 2974.3955688509222, 2633.037979217163, 2194.0685950990683, 586.9045919057032, 3049.189400480069, 2308.7052648616714, 888.6827330380623, 3065.8840486880777, 3308.7580751695946, 1779.2835636851141, 497.67961581724444, 645.7778255716125, 1024.2431351978885, 2405.269423578157, 762.2709492037592, 1913.6397257582212, 1744.8005616688688, 2635.7059775323955, 609.5408107747995, 2975.0455458698443, 815.5519603311612, 908.8652265325151, 2823.8300232131537, 727.2482382240606, 1171.216888539437, 2163.664715245872, 1457.5733257712973, 854.058546002556, 707.6750666796167, 2052.815870944104, 2411.7984990458885, 262.60616900598507, 1495.016387870046, 1145.2056583863005, 2954.5693425607733, 1013.5704218257358, 957.4868145306232, 2679.4001194297202, 3070.423586412793, 595.4242185198717, 3199.9176551905207, 1563.0179141647736, 1098.5663384611782, 3484.8548032880794, 773.6310490149681, 1629.3464947640819, 461.2352978686692, 1260.4062837037905, 2516.888952655639, 2158.0903595540203, 1299.5187570789426, 1194.719213874122, 3222.630137015416, 2796.0624098900225, 656.210332134446, 2413.3265423477196, 2531.530959715879], [1226.9282782624255, 2573.6792729475833, 2141.061886074291, 1262.1283611423999, 3707.459642396664, 2509.1283347011167, 438.62170488930434, 2909.729368858898, 0.0, 1120.165166392885, 1089.6903229817176, 1009.3587072988472, 1864.983914139744, 1280.6033734142668, 1663.8837098787883, 426.82197694120674, 3147.3102802234166, 608.8949006191463, 968.5354923801192, 2165.589527126505, 2747.269553574967, 2893.000172830966, 2805.5858568220647, 585.9180830116101, 3245.7358179617763, 220.51757299589528, 1475.066439181639, 3561.6361408768303, 532.3016062346609, 2355.5424003825533, 2248.0035587160446, 465.02688094345683, 1424.9943859538535, 3420.7440711049985, 2582.949089703473, 1357.0003684597878, 360.8794812676387, 3548.938010165858, 3469.571155056486, 1177.1087460383599, 2177.1818941007205, 2395.282446810814, 3860.8444672118044, 644.8968909833571, 1345.9606234953533, 716.0698289971447, 2328.1932909447187, 959.6942221353632, 714.6586597810174, 3180.9900974382176, 487.1652696980769, 1101.3559824144054, 1194.7238174574072, 2600.6306927358987, 2303.100518865818, 3695.6381045767994, 1398.82522139115, 3671.9373633001965, 2154.4173226188095, 1519.1846497381416, 279.6587205863604, 3026.979517604967, 538.0455371062936, 2167.1128258584044, 2053.8824211721567, 744.5246805848682, 2182.624337809876, 2477.105569005891, 1739.4970537485829, 3103.483365510439, 3500.4424006116715, 3249.9041524328068, 2156.186448338826, 1459.8044389574927, 2749.2531713176218, 3219.5585101066263, 2071.266520754874, 82.66196223173026, 1908.6985094561162, 2157.2932114110035, 1413.2586458253138, 179.42686532400882, 3062.2921153933044, 1009.6692527753829, 1368.84915165989, 3488.208279331955, 1543.9015512654944, 3626.846839887232, 2389.6227735774532, 3331.703017977443, 3150.1868198568795, 1055.39423913531, 979.7780360877662, 3277.65037793844, 3284.683394179719, 1322.2964871767601, 1458.0919038249956, 3551.0, 1060.287696806862, 1461.4191732695997], [1379.0232050259342, 1824.2217518711918, 1075.2134671775648, 579.6153897197693, 2974.302103015092, 1989.418256677062, 1545.724749106386, 2485.5753861027833, 1120.165166392885, 0.0, 811.3722943261004, 838.1199198205469, 1572.1949624648973, 263.3723599772763, 1491.5176834352317, 774.0290692215635, 2778.111588831521, 663.1327167317263, 157.88920165736477, 1981.6366972782878, 1796.7092140911395, 2422.246890802009, 1952.8466401640453, 1190.0126049752582, 2879.161162561068, 1199.3106353234762, 1241.6138691235694, 2948.4751991495536, 767.0704009411392, 1527.0396196562813, 1839.3156335985404, 1228.338715501551, 321.846236578898, 3035.11185955312, 1804.6628493987457, 239.0397456491284, 790.675660432266, 2905.530760463568, 2853.5286926891063, 1040.8616622779416, 1233.3568015785213, 2142.4107916083694, 3105.019484640958, 671.2570297583483, 278.86914494077683, 925.4285493759094, 1925.692083381972, 593.7078406084933, 597.0535989339651, 2449.9053042923924, 865.7944328765345, 838.4658609627467, 1356.7405794771526, 2047.2835660943504, 2033.4468274336557, 3019.5292679488966, 281.44271175498574, 3207.3743155422317, 1120.6159020824218, 747.5667194304466, 1048.1474132964313, 2380.0892840395713, 743.4978143881797, 1970.2466850625583, 1584.117735523468, 481.08731016313453, 1839.663284408318, 1665.2525334014658, 659.893930870712, 2195.577600541598, 2838.7787867320694, 2590.9073700153776, 1087.9090035476313, 340.91787867461574, 2257.144434899991, 2310.4460608289473, 1388.5737286871015, 1202.820435476551, 1679.5475581239134, 1550.1703132236794, 358.1759344232943, 1278.8619941182083, 2422.308196741282, 740.860310719909, 1346.626154506142, 2730.404548780272, 1017.9164995224313, 3066.136330954643, 1427.589927114926, 2946.1434113090963, 2300.6392589886837, 67.62396025078685, 454.9648338058668, 2428.0086490784993, 2466.86298768294, 743.5872511010392, 457.1848641414105, 3042.2315822435344, 107.5174404457249, 349.502503567571], [1953.647358148343, 2632.052431088712, 1769.9663838615693, 1362.8253739933082, 3776.693262630684, 2792.9357314481836, 1495.0030100304145, 3281.6367867270137, 1089.6903229817176, 811.3722943261004, 0.0, 1472.9188708140039, 2321.98621873602, 1072.385191990266, 2201.2959819161074, 684.0847900662607, 3568.28207965682, 1078.4887574750142, 803.334301520855, 2715.355041242305, 2550.6518774619167, 3223.9238514580334, 2741.046697887506, 1504.900328925474, 3669.766477584098, 1283.5859924446045, 1954.7981993034473, 3759.7602317169108, 1129.0039858211308, 2327.8154995617674, 2623.780669187118, 1456.6966053368835, 884.9598860965394, 3829.8727132895683, 2609.490563309245, 960.0130207450313, 980.3004641435197, 3716.0861131034085, 3664.8286453802993, 1696.9914554882118, 2009.5039188814735, 2898.9572263143173, 3903.0609782579622, 471.3141203061924, 779.9391001866749, 1389.0359966537944, 2710.687920067524, 235.98305023878305, 1096.1259051769555, 3255.4896713090643, 604.7520152922187, 27.202941017470888, 1924.6116491385997, 2854.516596553609, 2791.6692139291863, 3827.927115293602, 991.5830777095784, 4012.663579220167, 1847.1082805293252, 1556.5400733678525, 1218.5704739570872, 3191.2944082299896, 562.9102948072632, 2707.333189690549, 2374.154165171251, 510.5800622821067, 2610.4777340555884, 2466.79893789502, 1378.7403671467664, 2960.4060532298604, 3648.6123389584704, 3401.4220555526476, 1778.343330181211, 1021.9706453709911, 3059.976797297653, 3072.621356431671, 2199.3862780330332, 1152.1753338793537, 2415.873548015293, 2357.725386893054, 788.2417141968573, 1155.1402512249324, 3233.582842606634, 94.64142856064674, 1991.525294843126, 3530.4917504506366, 456.13265614292516, 3877.034046794018, 2187.6933057446604, 3740.2687069246776, 3084.472726415327, 769.9103843954828, 1144.2945425020605, 3210.0992196503835, 3257.129103980989, 297.47773025892207, 734.8040555141214, 3850.56047868359, 870.6003675625229, 933.6385810365807], [542.65274347413, 1580.8257335962114, 1413.4839935421978, 444.6403040661069, 2701.1393892207784, 1504.4799766032115, 1272.774921185989, 1928.9919647318388, 1009.3587072988472, 838.1199198205469, 1472.9188708140039, 0.0, 896.8801480688487, 752.9276193632427, 738.4483732800825, 987.486708771313, 2186.6094758781232, 458.42338509286367, 734.9911564093816, 1259.3669044404812, 1839.905704105512, 1900.9274052419782, 1840.4273960143062, 636.9654621720082, 2287.3023411871022, 918.6560836352198, 504.7316118493075, 2554.080069222576, 490.0653017711007, 1397.0272008804982, 1258.613920151847, 764.1969641394816, 1107.418620034899, 2458.1971035700126, 1597.530907369244, 951.7588980408851, 703.0768094596777, 2539.866531926432, 2461.5834334834153, 224.2008028531566, 1303.3157714076815, 1463.7229929190837, 2856.490329057671, 1082.7488166698683, 1104.1924651074196, 324.7229588433808, 1342.2596619134465, 1239.6491439112924, 393.2861553627333, 2177.0367475079515, 1144.414697563781, 1498.1755571360789, 522.2451531608504, 1593.4632094905737, 1361.4716302589636, 2686.3149480282464, 974.9220481659033, 2689.2268405621717, 1376.5395017942637, 639.6131643423234, 757.4509885134484, 2017.6744038620304, 1063.8843922156204, 1254.3448489151617, 1049.1377411951207, 967.6455962799604, 1209.8297400874224, 1506.3681488932245, 1107.512979607914, 2156.5198816611914, 2491.0836999185717, 2240.60036597337, 1431.019566602777, 1026.638203068637, 1751.3206445422836, 2270.370013896413, 1077.308683711405, 1067.7012690823215, 969.1465317484245, 1149.7204007931668, 1181.120230967195, 1182.7920358203296, 2052.933510857086, 1380.608923627542, 523.2790842370828, 2486.0382137046886, 1802.7592740019395, 2625.0487614518706, 1512.4298330831748, 2368.0988155058058, 2175.7228683819085, 824.6235504762158, 383.1918579510791, 2300.983485381849, 2297.60658077052, 1520.5725895201451, 1290.5305110689944, 2557.461632165769, 731.3173045949344, 1110.6182962656433], [744.452819190041, 1022.0958859128629, 1545.482772469496, 994.9758791046143, 1966.8472233501004, 695.6622743831953, 2031.8134756911127, 1044.766002509653, 1864.983914139744, 1572.1949624648973, 2321.98621873602, 896.8801480688487, 0.0, 1369.1698214611656, 234.34163095788165, 1884.3290583122684, 1291.032532510316, 1355.1273002932235, 1527.927354294045, 415.61640968566195, 1532.8095119746615, 1033.6677415881759, 1363.7408111514446, 1355.5460154491252, 1391.3453920576299, 1727.142437669806, 394.6238715536606, 1737.630858381607, 1376.971314152913, 1036.3942300109547, 395.37956446938426, 1506.9323143393003, 1734.0547857550523, 1563.4593055145376, 1075.892652637799, 1571.4786030996413, 1592.807898021604, 1743.6891924881568, 1650.6619884155568, 693.5416353759881, 1211.0004128818455, 577.041592954962, 2133.547515289969, 1969.299621692951, 1777.195824888186, 1149.5151151681303, 468.35990434707367, 2086.042185575354, 1286.4245022542132, 1483.287227747883, 2041.179315983777, 2348.4956887335347, 768.1575359260625, 801.6164918463193, 470.468915019898, 1906.7233674552792, 1572.9872853904446, 1806.953513513837, 1442.2763258127757, 916.1009769670591, 1591.138586044597, 1259.3538025511339, 1958.0888641734318, 401.3838561775996, 313.64310928187155, 1835.5119176948974, 317.6948221170751, 1069.7200568373016, 1466.99863667285, 1699.0467915863883, 1710.468941547902, 1473.6743195156791, 1561.347174718038, 1599.2610793738463, 900.9916758771969, 1794.8888544976817, 662.872536767062, 1910.0848148707953, 129.5414991421668, 561.7089993938142, 1839.5067273592667, 2026.029861576576, 1285.330307741944, 2234.069157389717, 536.9627547605141, 1790.128487008684, 2589.834936825125, 1778.091392476776, 1348.1461345121306, 1473.5840661462107, 1626.7071033225373, 1587.8091824901378, 1177.7138871559594, 1733.465027048426, 1689.0145055623411, 2312.9394717545033, 1959.6665532686932, 1690.1893385061924, 1482.231088595837, 1714.4588067375664], [1288.5045595573188, 1561.1181889914678, 863.4958019585272, 383.5896244686501, 2710.957395460135, 1741.3213373757299, 1684.491614701599, 2242.911054857058, 1280.6033734142668, 263.3723599772763, 1072.385191990266, 752.9276193632427, 1369.1698214611656, 0.0, 1317.1947464213483, 985.0857830666322, 2539.2386654271, 736.0461942025106, 345.0797009387831, 1783.7771721826693, 1547.112471671016, 2175.0321836699336, 1692.0641240804084, 1232.9740467665977, 2639.7765056913436, 1321.407204460457, 1072.6313439388205, 2687.8335141894486, 843.0990451898282, 1264.0035601215686, 1608.0799109497016, 1300.7586248032337, 374.34208953843273, 2792.4679049185147, 1541.2906928934594, 209.77368757782756, 927.2869027436977, 2643.703841204608, 2592.9529498238103, 921.9078045010791, 978.4579704821255, 1928.673378257708, 2842.0015833915363, 914.2805915035055, 408.0306361046925, 929.8908538102738, 1693.5456887843327, 857.0332548973814, 642.9074583484003, 2186.5719745757283, 1095.5386802847265, 1099.3680002619687, 1270.9838708654017, 1795.1114171549352, 1819.4529397596411, 2756.6363561413027, 224.90220096744272, 2956.0610616156087, 890.7058998345077, 498.20578077738116, 1157.1067366496488, 2119.238070628215, 974.3438817994395, 1770.4137934392627, 1350.031851476105, 725.0006896548445, 1618.5981589017083, 1402.0802402145177, 459.2003919858954, 1941.0023183911965, 2576.436686588669, 2329.0414337233246, 878.0279038846089, 273.7918917718346, 2009.1669915664054, 2056.4299161410777, 1131.71816279496, 1361.899408913889, 1484.023247796341, 1298.5688275944406, 472.1281605665987, 1450.620901545266, 2161.670650214782, 1003.7195823535576, 1217.7294444990644, 2467.22070354478, 1243.540509995553, 2808.0856468419906, 1177.8285104377462, 2704.102069079494, 2040.5768792182273, 317.23808094237364, 404.1088962148693, 2168.2548281970917, 2205.2446576287175, 979.992346908893, 591.7981074657133, 2787.9243174806593, 245.3263133053607, 366.5637734419483], [511.1653352879086, 1234.602770124869, 1626.2598193400709, 933.6942754456621, 2201.186043931771, 929.7537308341387, 1809.04671028694, 1255.632111726998, 1663.8837098787883, 1491.5176834352317, 2201.2959819161074, 738.4483732800825, 234.34163095788165, 1317.1947464213483, 0.0, 1717.5016739438713, 1483.5016009428502, 1188.28026997001, 1426.010518895285, 521.3108477674333, 1710.4072614438937, 1254.6238480118254, 1569.0012746967416, 1135.8208485496293, 1581.8552399002888, 1515.1069269196812, 250.3197954617253, 1967.6933196003893, 1197.0071010649854, 1210.7819787228418, 625.8282511999598, 1287.363585006194, 1690.517672193935, 1756.9385305126643, 1283.2883541901251, 1525.7355603118124, 1412.360081565604, 1975.9696353942284, 1881.6410390932697, 518.6636675148935, 1331.8205584837622, 735.6119901143537, 2367.839732752198, 1821.1856028422803, 1720.417681843569, 954.1325903667687, 693.7038272923106, 1965.9908443326992, 1131.4503966148936, 1715.8347822561473, 1874.6714378791821, 2227.1641160902354, 535.7630073082687, 1035.9251903491872, 639.8413865951467, 2139.9462610075047, 1533.5139386389678, 2015.0992531386637, 1535.2931316201477, 917.3859602152194, 1386.6455927885827, 1493.6934089698595, 1799.8055450520203, 517.3480453234554, 532.3532661682466, 1701.9341937924628, 533.496016854859, 1261.1094322064205, 1487.887428537522, 1905.6306042882497, 1943.8775681611226, 1707.85011051907, 1643.0596459045546, 1567.801007781281, 1128.5184978545988, 2005.14388511149, 827.1130515231881, 1704.3720251165823, 244.90202122481554, 762.4440963113295, 1788.4879088213038, 1819.6376012821893, 1519.6163989638965, 2110.577409146606, 308.7539473431878, 2023.4159236301368, 2500.3113806084234, 2002.0861619820462, 1491.0298454424044, 1668.0317742776965, 1845.7442943159813, 1497.6548333978694, 1065.4585867127826, 1955.5656470699214, 1915.4012634432504, 2219.6326272606466, 1907.3030697820418, 1907.4863040137404, 1393.879837001741, 1677.177688857087], [1371.3125099699193, 2436.577928160723, 1842.2054717104713, 1083.9949261873876, 3591.3184208588355, 2464.230914504564, 860.4661527335053, 2910.440516485434, 426.82197694120674, 774.0290692215635, 684.0847900662607, 987.486708771313, 1884.3290583122684, 985.0857830666322, 1717.5016739438713, 0.0, 3173.100849327043, 529.9981132041887, 642.8887928716755, 2238.000223413751, 2519.5247567745787, 2875.2852032450623, 2626.1776406024023, 838.7353575473016, 3273.9923640717307, 602.6084964552026, 1491.7506494049198, 3495.700931143853, 530.0056603471326, 2180.0488526636277, 2238.7498743718556, 776.0470346570496, 1050.0676168704565, 3444.0651852135434, 2433.6156228952836, 1011.7692424658895, 330.85495311389855, 3470.1867384911725, 3401.4610096251286, 1199.519903961581, 1945.668522642025, 2449.245802282817, 3735.7072958142744, 220.51077071199947, 960.402519780118, 795.7669256761052, 2323.7807555791487, 534.0599217316349, 601.770720457551, 3060.669371232378, 157.20368952413298, 699.4969621092004, 1339.8783526872878, 2544.5520234414544, 2348.1109428644977, 3604.3343352136467, 1054.1864161522856, 3667.4237551720144, 1875.685741269043, 1334.5879513917396, 537.4476718714111, 2940.495876548716, 121.49074038789952, 2234.794173967706, 2014.3336367146333, 332.1806737304264, 2196.1607409294975, 2311.2388452948776, 1428.529663675207, 2900.4744439487827, 3413.4651016232756, 3161.2813857674864, 1855.750252593274, 1111.526877767695, 2720.4562117409646, 3016.827804167815, 1949.0346328374978, 501.27836578093013, 1954.054502822273, 2068.019584046534, 1020.6649793149562, 542.1669484577606, 2979.182773849231, 597.4520901294095, 1457.9591901010124, 3359.2058585326386, 1130.7382544161137, 3583.2282930340903, 2152.230935564304, 3353.880439133154, 2975.936827286493, 706.4120610521878, 796.7295651599732, 3104.4846593275347, 3126.51531261243, 898.2455120956631, 1051.5669260679513, 3527.5742373478124, 742.7819330059126, 1091.467360941224], [1957.1471584937092, 1266.940014365321, 2349.186242084693, 2206.5670168839197, 1237.0485034953156, 819.7029949926986, 3271.8827912992238, 307.6572768520192, 3147.3102802234166, 2778.111588831521, 3568.28207965682, 2186.6094758781232, 1291.032532510316, 2539.2386654271, 1483.5016009428502, 3173.100849327043, 0.0, 2645.022684212746, 2764.9667267437417, 1004.3047346298831, 1845.9436611121153, 413.87920943193075, 1500.8324356836108, 2609.9122590615953, 101.59232254457027, 2995.6585252661894, 1685.6277762305651, 807.7586273138777, 2667.891489547504, 1564.7012494402886, 945.4152526800062, 2760.5680574838216, 2865.466279682942, 273.4373785714016, 1338.43191832831, 2717.052079000327, 2883.7753033133495, 889.1012315816462, 776.4599152564156, 1984.0183970921237, 1934.8180793035815, 762.5142621616989, 1389.4984706720622, 3247.3549236263043, 2932.7297863935573, 2435.3254402646066, 858.5347983628852, 3334.575385262717, 2572.7745723245944, 1082.5987252902157, 3329.54050883902, 3595.3204307822134, 1987.0362352005561, 804.180328035945, 846.0933754615976, 1055.5401460863532, 2706.159270996443, 564.8734371520757, 2219.633303048051, 2041.8677724083898, 2870.108882952004, 828.9083182113689, 3242.8402674199046, 996.9714138329143, 1194.8945560173918, 3102.1819740305373, 976.9467743945931, 1469.6781960687856, 2470.362726402744, 1698.1946295993284, 924.658315271106, 856.7432520889791, 2358.7933355849555, 2714.1512485489825, 568.5463921264474, 1721.4787248177074, 1451.1736629363145, 3187.540901698361, 1238.631502909562, 1262.0063391282945, 2980.597591088069, 3302.568697241588, 802.3820785635731, 3485.003586798728, 1783.8615417122485, 1230.6603918222117, 3782.4396888780657, 707.1576910421041, 1929.442665642076, 185.04323819042943, 1485.2033530799747, 2807.167433552904, 2436.3844113768255, 1504.4048657193316, 1390.1039529474047, 3517.829160149765, 3097.8498995270897, 541.2993626451079, 2702.8533071552365, 2833.9724769305717], [876.812408671319, 1973.0326910621627, 1569.4116732075113, 654.1719957320093, 3115.9720794641275, 1951.1852807972903, 966.0331257260281, 2385.940904548979, 608.8949006191463, 663.1327167317263, 1078.4887574750142, 458.42338509286367, 1355.1273002932235, 736.0461942025106, 1188.28026997001, 529.9981132041887, 2645.022684212746, 0.0, 509.7332635800807, 1709.2457400853746, 2140.8262423653164, 2354.9558382271207, 2197.540670840929, 527.9706431232706, 2745.7254050614747, 596.1853738561522, 961.9615376926461, 2993.5719466884375, 107.42439201596628, 1747.3983518362377, 1714.7667479864426, 570.165765370037, 983.8699100999074, 2916.5351017945936, 1979.2839614365596, 868.7652156940908, 260.24795868555816, 2973.936448547615, 2900.124997306151, 669.855208235332, 1573.139536086993, 1919.2709553369477, 3266.317345268215, 646.6011135158986, 937.0064033932746, 313.3448579440869, 1799.0400217893987, 858.1526670703762, 106.78014796768171, 2587.059527726411, 687.1688293279898, 1101.4944393867816, 847.2095372456569, 2036.000245579553, 1818.139983609623, 3114.6890695541347, 906.0270415390481, 3145.1208243881506, 1569.364521072144, 910.6772205342571, 426.7130183155888, 2447.0002043318264, 613.1769728226917, 1705.6262779401588, 1497.646820849295, 570.2017186926045, 1668.1966310959867, 1870.2334078932502, 1187.1870113844743, 2494.6041770188713, 2921.2274817275015, 2669.4003071851175, 1585.4932986297988, 967.7861333993167, 2202.8826568839295, 2610.6681137210835, 1473.3397435757986, 681.4880776653397, 1424.0958535154857, 1572.9554984169133, 1015.2797643999412, 788.3203663486057, 2484.0644114032148, 983.8927787111764, 937.3585226582196, 2891.852347544736, 1461.8840583302083, 3072.318505624051, 1786.1388523852227, 2826.418935685225, 2543.0096342719585, 615.5745283879118, 378.9934036365277, 2670.7289267164497, 2680.3052065016773, 1186.9292312518046, 1099.1164633468102, 3009.9916943407, 569.2776124177026, 1007.0019860953602], [1267.4651868986382, 1871.16701552801, 1199.5519997065571, 560.1365904848567, 3027.1587338624977, 1993.047917135963, 1390.7178002743763, 2478.679083705674, 968.5354923801192, 157.88920165736477, 803.334301520855, 734.9911564093816, 1527.927354294045, 345.0797009387831, 1426.010518895285, 642.8887928716755, 2764.9667267437417, 509.7332635800807, 0.0, 1929.6820981705769, 1890.754611259748, 2422.621926756216, 2024.2047821305036, 1037.6420384699147, 2866.4437897855246, 1042.0676561529006, 1176.0110543698133, 2978.4930753654608, 612.0718912023325, 1587.9209678066475, 1820.669382397584, 1071.8810568341994, 479.1200267156446, 3026.660370771719, 1857.6730067479584, 388.89715864223024, 633.8840587993991, 2940.858718129791, 2883.4605944940536, 949.1522533292538, 1320.0378782444086, 2103.5572252734178, 3162.96838428714, 572.9232060232855, 427.2762572388033, 784.5438164946557, 1907.5589112790199, 570.6294769813421, 451.45320909259243, 2499.096836859268, 750.4618577915869, 830.3938824437473, 1243.2859687135538, 2057.9399894068824, 1995.4500745445876, 3061.6551079440674, 430.4706726363597, 3213.0516646951073, 1233.8237313328027, 769.8188098507336, 890.2718685884666, 2412.1347391885056, 629.363170196668, 1920.006510405629, 1570.865366605299, 386.38064133701107, 1809.911600051229, 1724.1116553170216, 786.8042958703263, 2281.5542947736308, 2877.111398607986, 2627.018462059222, 1213.247295484313, 491.79873932331304, 2259.3892980183828, 2397.3351872443704, 1413.3654870556306, 1051.0803965444318, 1628.0003071252781, 1562.6992672936146, 505.6688639811631, 1130.7736289815039, 2453.409871994486, 721.4436914964327, 1254.8007810007132, 2786.8308165369494, 1075.6119188629327, 3087.46578928415, 1521.696421760924, 2937.016172921082, 2373.8546712046214, 106.01886624558857, 362.2154055254967, 2502.019384417315, 2534.1902059632384, 794.1064160425856, 593.8392038254127, 3054.3532867040776, 100.18482919085105, 507.38249871275616], [956.0130752243925, 1195.7646089427467, 1918.9601350731598, 1407.2135587749287, 1918.135813752509, 704.1597830038294, 2269.0141030853024, 829.0723731979012, 2165.589527126505, 1981.6366972782878, 2715.355041242305, 1259.3669044404812, 415.61640968566195, 1783.7771721826693, 521.3108477674333, 2238.000223413751, 1004.3047346298831, 1709.2457400853746, 1929.6820981705769, 0.0, 1779.6898606217883, 867.8824805237169, 1543.9566056078131, 1612.829191204078, 1097.4666281942243, 2002.834491414605, 761.2837841436004, 1608.4184778844092, 1715.0851290825187, 1309.9167912504977, 428.44136121527765, 1762.367725532898, 2149.563909261597, 1274.6277888073835, 1264.2230815801458, 1986.8084960559233, 1929.622761059788, 1639.924693392962, 1533.2821005933645, 1039.9177852118887, 1554.410820857858, 243.3105012119288, 2088.207365181916, 2342.0610581280753, 2191.7125723962986, 1465.786478311217, 427.23529816718093, 2479.541288222481, 1652.5510582127258, 1501.8841499929347, 2395.105843172698, 2741.5012310776006, 986.5905939142133, 807.5208975624098, 192.27584351654787, 1814.311164050974, 1988.5678263514171, 1559.118340601508, 1807.3848511039369, 1330.1202953116683, 1886.26323719676, 1235.4225997609078, 2321.0827214901237, 24.73863375370596, 580.538543078752, 2219.8416610199924, 304.6456958501137, 1304.4730736968088, 1873.4374822768973, 1862.7691751797913, 1626.7504418318133, 1420.9028819732896, 1933.9002042504676, 2014.8064423164822, 791.0379257658889, 1942.5614533393789, 980.2025300926334, 2200.2720286364593, 302.1853735705949, 822.0608250001942, 2254.634781954718, 2313.9412265656188, 1248.3176679034868, 2625.6309717856393, 797.1210698507473, 1785.5063707531262, 2997.888923892945, 1602.3395395483442, 1660.4954080032862, 1188.7241059219755, 1741.8452858965402, 1994.3031364363844, 1573.4322355919876, 1829.2102120860795, 1759.5422700236559, 2719.4194233328553, 2374.752618695261, 1481.0216068646669, 1889.089727884835, 2130.07511604638], [2104.9030856550144, 617.4504028664975, 806.1811210888035, 1486.9384654382977, 1350.240348974952, 1169.2805480294282, 3088.9987050822797, 1566.428102403682, 2747.269553574967, 1796.7092140911395, 2550.6518774619167, 1839.905704105512, 1532.8095119746615, 1547.112471671016, 1710.4072614438937, 2519.5247567745787, 1845.9436611121153, 2140.8262423653164, 1890.754611259748, 1779.6898606217883, 0.0, 1442.1886145716169, 354.3247098354841, 2476.846785733829, 1918.2995073762595, 2720.5944203427307, 1645.5227133041951, 1525.5851336454482, 2229.646833020871, 499.6258600192748, 1356.5581447177265, 2600.957515992908, 1667.9187630097576, 1994.6177578674065, 541.335385874598, 1598.6244086714053, 2388.041038173339, 1438.691419311313, 1446.2731415607495, 1805.9249707559836, 574.2064088809876, 1720.1674337110326, 1435.6775403968677, 2461.326877925807, 1771.423156673752, 2159.489291476112, 1384.4341804506273, 2367.188416666489, 2034.175262852245, 930.002150535148, 2639.597696619695, 2575.6686510496647, 2112.7273842121704, 1114.5483390145087, 1652.4678514270709, 1477.8893733970754, 1563.3764741737673, 1987.5255973194407, 708.0451962975245, 1232.5988804148737, 2549.683313668582, 1059.82498555186, 2519.460458113999, 1755.0669502899314, 1233.9209861251247, 2271.722034052582, 1