{"TourSize": 100, "DistanceMatrix": [[0.0, 2793.172031937883, 2096.9625652357267, 1655.2755057693569, 2250.918034935968, 2118.340152100224, 1514.5273190008822, 685.1233465588514, 2586.1262536852296, 2735.5812910604577, 589.8966011090419, 2971.077245714086, 365.2629190049272, 2002.7643396066348, 1022.7824793180611, 1432.6440590739905, 635.6492743644093, 2103.715760268007, 2630.0695808286137, 2439.5518030982657, 2938.5004679257754, 1326.7019258296116, 854.279813644218, 406.9754292337561, 2415.1225641776446, 2869.2404918375178, 350.4069063246328, 3096.3851504617446, 1783.0549626974487, 2740.50086663004, 1831.60749070318, 560.5086975239545, 2057.0877472776897, 360.0055555126893, 2459.6392011837834, 1681.049672079918, 2535.0017751473074, 521.0700528719723, 1182.68888554852, 2093.77171630529, 659.7575312188562, 1005.337754190103, 1499.8816619987058, 1796.0804547681041, 2035.266075971395, 874.9822855349702, 2858.447305793829, 2949.661845025629, 979.6815809231078, 93.34880824091971, 2608.8098819193397, 662.7005356871232, 2078.8458336298054, 1301.393483924059, 2691.0020438490938, 3156.412678975929, 1882.6391050862617, 1578.646572225715, 1948.0454306817385, 1979.2031224712637, 1258.3421633244275, 2361.1905895119944, 1298.258833977262, 1708.9262710836883, 1797.811169172113, 607.6454558375303, 1661.376838649197, 2010.5355008056933, 1059.7452524073888, 974.4834529123622, 1456.7827566250226, 1791.1004996928564, 1040.5354390889336, 1260.0571415614452, 1695.9911556373163, 1452.1490970282632, 1459.5358851360936, 1761.2135021058634, 438.0011415510238, 1525.0154097582097, 371.51715976519847, 2311.228677565247, 2109.9023674094497, 709.9309825609811, 1917.977319991037, 1655.4503918873559, 2872.2160434062057, 403.3174928018868, 779.6370950641074, 653.6941180705238, 1296.8565842065962, 2777.7778888888865, 1723.0940194893603, 509.3456586641335, 3179.2429916569763, 1638.8410539158458, 778.8074216390082, 970.7862792602706, 1877.1640844635826, 2718.8030454595273], [2793.172031937883, 0.0, 992.5049118266368, 1157.3076514047593, 725.4033360827616, 1114.0345596075554, 3132.021870932577, 2870.7239505044718, 955.590393421784, 1100.6384510819164, 3275.0138931003025, 1787.5016083908847, 2456.245305339025, 2058.9660026333604, 1921.131437460748, 1673.6681271984598, 3405.5073043527595, 1322.8824588753153, 195.27416623813812, 1196.735977565645, 1395.1863674792698, 3844.074921226172, 3234.6183700708807, 2397.8075402333693, 1224.2242441644423, 836.909194596403, 2459.2813991082844, 1721.7389465305127, 3936.8384523625045, 206.52602741543257, 2444.4025855001873, 3337.747743613948, 2143.4066343090385, 2818.255133943696, 402.851089113583, 3583.4064798735853, 260.23066690918654, 2910.0632295536125, 1641.220582371547, 1096.4497252496349, 2150.592941493113, 3446.9595297885353, 1371.8720785845887, 1012.4746910417069, 2301.691986343959, 2682.325110794737, 1560.4515372160713, 202.2992832414391, 3745.602488252057, 2861.6107352328686, 188.09837851507388, 2785.061938269955, 780.565179853675, 1629.9622695019661, 773.0523914974974, 1397.0057265451705, 2662.6453011995422, 3860.3892290804047, 1223.2027632408292, 821.112050818888, 2926.305691482009, 436.28545701180553, 1718.2112792087007, 1345.4950761708494, 2064.3112652892246, 2892.2456672972994, 3475.2043105406046, 2078.9374689970837, 2158.1218686626576, 3695.2472177108802, 1344.4560238252495, 2764.978300095681, 1766.9001103627788, 3087.8319254778103, 3469.7648335297886, 2534.154888715368, 1479.6394831174248, 2365.0126849554104, 2381.634942639195, 2425.9814508771497, 2770.878019689788, 1593.1051440504484, 1065.22579765982, 2151.632868311878, 1364.6585653561847, 1834.865117658516, 826.6589381359158, 2390.0470706661827, 3471.4198824112304, 3408.602352871335, 1626.0753365081214, 387.86595622714816, 1070.0789690485465, 3301.700319532347, 1305.7120662688233, 1784.8389283069776, 3564.8754536449096, 3750.814844803726, 2415.041407512509, 101.9803902718557], [2096.9625652357267, 992.5049118266368, 0.0, 571.6861026822324, 267.73867856549975, 155.54099138169335, 2156.3758948754735, 2003.547354069776, 505.9693666616587, 688.0443299671904, 2479.9923386978435, 1205.842444102877, 1823.1908841369298, 1085.2598767115644, 1096.8646224580316, 748.1824643761707, 2647.731481853853, 370.7937432050331, 798.3144743771091, 479.1294188421329, 971.518913866323, 2960.089525673168, 2359.5766569450548, 1691.2885620141822, 478.2352977353303, 772.295927737548, 1746.5603339134896, 1243.2960226752116, 2982.6533489495555, 1083.251125085961, 1453.6113648427493, 2657.250082321948, 1175.2386991586006, 2024.4307841958935, 930.4219472905828, 2613.9204272509905, 780.3858020235889, 2080.079325410452, 933.3129164433545, 120.81390648431164, 1441.3729565938165, 2567.6082255671326, 609.5842845743318, 513.4715181974556, 1326.8579426600272, 1777.1015727864292, 1000.250468632732, 1052.4167425502123, 2970.0134679829316, 2144.742875031877, 879.7937258244117, 1921.3495257240418, 339.69986753014786, 800.3505481974757, 594.8310684555742, 1141.1332087008948, 1671.8044143978086, 2927.3566574642045, 232.04525420701884, 516.2567190846042, 1968.3762343617136, 653.7010019879119, 838.6894538504702, 412.146818500398, 1073.4379348616296, 2042.1295257647103, 2501.730001419018, 1105.9100325071656, 1250.0911966732667, 2890.9462118828847, 746.7502929359988, 1772.4742593335452, 1083.0706348156616, 2135.8024253193457, 2493.297013995725, 1552.1034115032412, 638.978090391212, 1372.8630667331684, 1757.4211219852798, 1438.923208513922, 1974.8480954240506, 720.1180458785907, 95.35197952848173, 1391.486255771145, 372.3613836046912, 845.2455264596199, 775.2657608846143, 1719.1047088528378, 2665.1682873694863, 2639.2195816187786, 803.196738041185, 775.57849377094, 668.6441505015953, 2580.6380993854987, 1131.8241912947435, 797.819528464928, 2870.1674167197984, 2990.409002126632, 1426.2485758099813, 980.1520290240693], [1655.2755057693569, 1157.3076514047593, 571.6861026822324, 0.0, 622.7912973059274, 682.0689114744931, 2091.3445435891235, 1723.1300008995258, 1064.9178372062324, 1255.8503095512617, 2118.413793384097, 1754.4517662221438, 1339.5894893585871, 1343.8578793905253, 775.6526284362092, 642.6523165756115, 2254.576900440524, 822.8687623187552, 982.4260786440881, 1042.3531071570708, 1543.004860653394, 2696.2316295155356, 2086.882124126804, 1252.3905141767882, 1035.8542368499536, 1287.6125193551047, 1312.8777551623, 1807.0971196922428, 2840.3725107809364, 1144.162575860616, 1589.4153012979332, 2210.192977999885, 1440.5835623107741, 1661.1035488493785, 886.0530458161069, 2518.087567976936, 897.149374407629, 1754.1165867752347, 484.3841450749601, 642.2935465968812, 1001.1997802636595, 2299.4210140815885, 251.82930726982514, 144.83784035948617, 1557.7281534337112, 1556.7546370574908, 1560.3544469126239, 1299.7792120202569, 2592.3628218287654, 1717.81751068034, 981.5100610793554, 1637.1221701510244, 427.8329113100113, 507.00690330605954, 1104.6307075217492, 1709.8684159899556, 1793.093695265253, 2741.022072147541, 585.328967333755, 337.4403651017465, 1852.824870299403, 721.0686513779392, 623.3498215288106, 453.4423888433899, 1243.7781152601135, 1739.7407852895788, 2421.0757939395453, 1364.3137469072135, 1052.545960991728, 2538.504480988757, 202.33882474700698, 1848.2640503997256, 616.2929498217549, 2001.093950817902, 2423.684179095948, 1538.083222715858, 394.1674770957137, 1492.8857960339767, 1267.9093027500035, 1461.0013689247523, 1613.6232521874492, 1182.8376896260957, 637.9318145381997, 994.6702971336783, 686.9119303083911, 953.7321426899694, 1287.680861083211, 1256.2308705011194, 2314.3675161909787, 2255.492185754586, 499.29950931279717, 1125.947156841741, 178.10109488714548, 2159.6522868276734, 1693.6295344614182, 893.5664496835141, 2433.2932416788567, 2600.500144203034, 1582.731815564469, 1095.2958504440708], [2250.918034935968, 725.4033360827616, 267.73867856549975, 622.7912973059274, 0.0, 401.92661021634285, 2414.6977036473945, 2218.612629550278, 504.45713395689035, 707.0452602203059, 2671.20384845485, 1328.7001166553723, 1951.7656109277057, 1348.2481225649824, 1286.2239307367904, 978.358318817804, 2826.885565423546, 619.8870864923708, 530.8351909962263, 612.0073528970056, 1025.1541347524283, 3184.3332112076464, 2579.0001938735872, 1844.1521086938571, 625.7195857570706, 671.4171579577037, 1902.4271339528354, 1331.4822567349518, 3232.783475582613, 818.0739575368476, 1721.3163567456158, 2810.351223601776, 1436.6050257464644, 2212.4782484806487, 686.1348264007593, 2869.8933778104024, 515.2184002925361, 2281.701558048291, 1068.6463400021544, 377.9735440477283, 1591.1882352506254, 2789.243625071141, 753.2761777728007, 509.2239193125162, 1590.5533628269125, 2005.851938703353, 1106.3295169161854, 795.6161134617624, 3156.67800068363, 2306.3481957414842, 614.0659573694018, 2134.689672996991, 217.86234185833953, 985.2456546465962, 490.40799340956914, 1148.5229645070228, 1939.5200437221577, 3169.412721625254, 497.80016070708535, 411.41827864109297, 2218.9576381715806, 403.71400768365714, 1047.9408380247428, 640.5193205516911, 1341.1312389173552, 2250.9920035397727, 2759.3087902588936, 1368.7165521027355, 1477.0795510059706, 3087.1180735436733, 823.0771531272144, 2039.785527941602, 1213.9695218579418, 2384.196300643049, 2752.152975399442, 1813.0165470838924, 823.786987030021, 1640.538021503921, 1881.861046942627, 1702.3701125196012, 2163.33376990237, 940.4690319197118, 347.3326935374786, 1559.941665575992, 640.0695274733831, 1110.0, 670.400626491354, 1859.5174105127385, 2861.1469728065354, 2822.3146529045976, 985.0324867739134, 543.3985645914056, 648.734922753508, 2746.8973406372506, 1111.8318218147922, 1060.8675694920644, 3029.270704311518, 3172.0255358366835, 1693.6625992209902, 712.7650384243043], [2118.340152100224, 1114.0345596075554, 155.54099138169335, 682.0689114744931, 401.92661021634285, 0.0, 2069.0335908341362, 1973.6851319296095, 469.5913116743111, 622.5961773091768, 2469.96862328249, 1074.3393318686606, 1864.0649130328054, 947.7763449253205, 1101.6410486179243, 719.813864828957, 2647.082356104547, 219.14607000811125, 922.8721471579906, 363.7609104892938, 875.4164723147492, 2917.0082276195244, 2323.4958575388077, 1716.6385758219462, 354.4573317058063, 771.0045395456501, 1769.2037757138096, 1125.8214778551705, 2907.4129393672306, 1219.118534023661, 1332.6308566140888, 2676.41868921886, 1035.1932186794888, 2019.5011760333293, 1079.8240597430677, 2529.880827232777, 916.600785511337, 2062.7653768666955, 983.7611498732809, 40.80441152620633, 1471.7380881121478, 2528.437659899884, 668.4309986827361, 645.8266021154594, 1190.4137936028799, 1733.8860977584427, 878.4190344021468, 1154.3344402728353, 2962.0933476175255, 2160.183557015468, 1014.9325100714825, 1893.7330857330448, 495.18178480230875, 817.6368387004098, 608.3625563757191, 1064.8868484491675, 1550.6775938279368, 2863.4838920447937, 172.9855485293497, 668.0479024740666, 1895.1902279190867, 800.2961951677642, 831.3055996443185, 409.41421567893804, 953.4201592162817, 2018.191269429139, 2414.9836438369516, 968.0960696129284, 1214.049834232516, 2875.1168671899236, 837.6353621952693, 1659.0581665511309, 1132.5868620110336, 2065.316682738993, 2404.091720380069, 1461.4711765888508, 664.115953730973, 1256.4179241000982, 1801.550443368156, 1342.338630897584, 1969.8695388273813, 564.7379923468935, 60.207972893961475, 1408.584040801258, 270.085171751431, 749.6325766667294, 776.1700844531435, 1752.9683397026884, 2650.2628171560646, 2635.3878272466845, 823.029768598925, 858.6530149018287, 799.4960912975122, 2590.373718211332, 1070.5442541062935, 708.7968679389039, 2884.1737118280516, 2986.5922051729794, 1301.7011945911397, 1110.5210488775078], [1514.5273190008822, 3132.021870932577, 2156.3758948754735, 2091.3445435891235, 2414.6977036473945, 2069.0335908341362, 0.0, 829.8246802789129, 2461.040430387116, 2508.38473922961, 1255.079678745537, 2364.901900713854, 1671.1199837234908, 1305.117619220582, 1382.927691529821, 1472.1766198388018, 1479.8827656270614, 1908.58193431668, 2937.101462326421, 2205.2723187851425, 2546.0954420445437, 1138.27984256948, 833.0720256976584, 1465.6343336589791, 2170.2027555046557, 2777.743688679717, 1442.3071794870882, 2538.4991628913335, 863.1952270488988, 3181.6112270357607, 878.7860945645419, 1761.3702052663432, 1281.6243599432714, 1154.8874404027433, 2955.3179186002985, 463.18570789695144, 2892.436516157269, 1004.8407834079984, 1718.3835427517338, 2072.935358374689, 1505.2312114754995, 901.0488333048326, 1839.7880312688199, 2215.8158768273142, 1146.8325945838826, 701.3879097902957, 2372.121413418799, 3208.3946141333677, 1595.6920128897054, 1454.2795467172052, 2990.2648712112446, 857.3943083552631, 2363.0998709322466, 1589.070797667618, 2648.7515927319423, 2781.9396111346487, 740.5194123046336, 892.1031330513306, 1925.7123357344938, 2394.417674508773, 280.84515306481615, 2730.776080164758, 1468.0030653918948, 1787.702436089407, 1175.9600333344667, 911.0718961750495, 345.950863563021, 1295.4728866325222, 1055.9285013673984, 1432.4388294094795, 1986.4352493851895, 577.6659934598886, 1690.4937148655715, 265.34694269955327, 337.7469466923424, 608.0476954976476, 1702.1662668493932, 899.9344420567534, 1691.7600302643398, 733.5100544641498, 1145.1261939192555, 1857.6008720928185, 2102.8849231472464, 1387.1427468000545, 1799.3159811439457, 1319.573037008562, 2786.106243487495, 1565.2686670345126, 1293.5644552939757, 1430.6477553891455, 1598.6625660219859, 2925.907209738545, 2254.5478482391986, 1584.4090380959078, 2857.436788452196, 1361.2571395588711, 1827.0331140950893, 1665.9786913403184, 936.0096153352272, 3100.9264744588836], [685.1233465588514, 2870.7239505044718, 2003.547354069776, 1723.1300008995258, 2218.612629550278, 1973.6851319296095, 829.8246802789129, 0.0, 2433.087133663733, 2542.62325168319, 564.1311904158464, 2622.977315952237, 883.3555343122043, 1563.955562028538, 949.8684119392539, 1257.192507136437, 788.684981472324, 1889.2162396083727, 2686.1786984487835, 2229.014356167317, 2680.318078139235, 973.611832302792, 364.0054944640259, 712.8990110808122, 2198.3987354435953, 2743.6255210943054, 672.2328465643434, 2772.6826360043447, 1216.5463410819991, 2867.244844794389, 1284.5543974468344, 994.0382286411323, 1593.2105949936436, 325.1861005639694, 2604.419513058524, 1030.0922288805018, 2612.5864578995274, 185.22418848519757, 1254.8964100673809, 1961.0430897866574, 847.3169418818438, 576.5223326116691, 1498.8772464748406, 1866.2628432243944, 1528.474402795153, 285.77613616255644, 2556.705888443174, 2992.928498978885, 1037.0583397282912, 625.1399843235114, 2701.20806307104, 86.03487664894976, 2097.0383878222165, 1242.8616173975283, 2581.1861614381864, 2913.4668352325552, 1283.2022443870646, 1061.239369793639, 1803.1109228219987, 2059.291382976193, 582.1279927988346, 2437.64825190182, 1170.8091219323499, 1591.5467319560553, 1367.2735644339796, 88.11923740024082, 993.279920264172, 1565.6784471915043, 760.1065714753425, 921.1405973031478, 1559.0080179396127, 1166.0570311953013, 1163.6150566231086, 575.5432216610669, 1024.0410148036065, 880.3618574200043, 1399.2615909829012, 1236.7234937527467, 919.9918477899682, 987.300359566429, 319.2694786540048, 1996.1322601471077, 1985.0123425308973, 775.4869437972505, 1723.776377608186, 1328.5759293318542, 2749.20152044189, 802.1851407250075, 705.7619995437556, 754.9264864872606, 1245.8318506122725, 2761.786378415246, 1848.8669503239005, 831.4715870070365, 2960.1790486387813, 1336.6173723246304, 1116.5487002365817, 1081.3861474977382, 1338.4890735452418, 2815.363564444209], [2586.1262536852296, 955.590393421784, 505.9693666616587, 1064.9178372062324, 504.45713395689035, 469.5913116743111, 2461.040430387116, 2433.087133663733, 0.0, 202.58825237411966, 2937.152532641095, 861.1486515114565, 2323.8437985372425, 1225.9804239872674, 1571.1374860272413, 1185.974704620634, 3116.1304529817103, 559.0536646870316, 804.5153820779315, 275.04545078950133, 523.0544904692053, 3364.3699261525926, 2777.9332245394235, 2183.0593212278955, 309.53513532392407, 318.27660925679095, 2236.4547838040457, 838.6000238492722, 3314.881898348718, 1123.3458950830773, 1655.8891871136789, 3144.885530508225, 1294.1008461476254, 2488.142479843146, 1096.029196691402, 2924.223828642397, 859.2677114846106, 2527.9685520195853, 1436.2290903612836, 492.37891912631676, 1936.1180232620118, 2980.0135905730363, 1113.6767933291956, 980.612053770501, 1458.6929080515886, 2185.091531263622, 632.0, 912.4845204166479, 3429.5715475843335, 2629.127802142756, 937.1808790196266, 2354.594869611331, 715.721314479316, 1284.7419974454015, 208.79894635749483, 650.3076195155644, 1866.8200234623582, 3287.9330893435163, 642.2460587656416, 913.4484112417077, 2312.297991176743, 830.7647079648966, 1300.7478618087366, 878.0022779013731, 1296.232232279386, 2480.6297587507893, 2805.0800345088196, 1243.2095559478298, 1673.1362765776134, 3340.0217065162915, 1249.1937399779108, 1996.5194714803058, 1586.0242747196526, 2484.896979755901, 2789.4804175688346, 1855.642745789178, 1128.107264403523, 1596.2311862634435, 2259.3530047338772, 1727.5430530090994, 2438.532755572498, 686.5340486822193, 476.8700032503617, 1876.8177855082256, 709.6773914956007, 1157.0069144132199, 325.9509165503297, 2216.189973806397, 3115.7106733456494, 3103.930572677166, 1289.4843930812035, 592.6457626609676, 1131.2444475001855, 3059.918953175067, 628.7837466092774, 1128.0837734849306, 3353.4474798332535, 3455.0144717497205, 1614.0266416636375, 995.3215560812496], [2735.5812910604577, 1100.6384510819164, 688.0443299671904, 1255.8503095512617, 707.0452602203059, 622.5961773091768, 2508.38473922961, 2542.62325168319, 202.58825237411966, 0.0, 3061.1058459321525, 688.3669079785867, 2486.592045350423, 1233.0944813760218, 1714.4308093358566, 1315.5781998801895, 3247.328902344202, 653.6520481112256, 967.9736566663372, 314.6362979695763, 323.5428874198906, 3455.045730522246, 2879.1375444740393, 2336.2144593337316, 347.0705980056507, 322.51821653977936, 2387.676695032223, 645.8049241063434, 3368.869840168955, 1281.700433018574, 1672.5301193102623, 3291.626497645199, 1289.3211392046592, 2618.3057499077527, 1279.694494791628, 2970.232482483484, 1035.007729439737, 2647.7645288053845, 1605.0582543945252, 652.5710689265959, 2093.1041541213376, 3076.8719505367785, 1286.1049723875574, 1177.7138871559594, 1452.6971466895639, 2284.858201289524, 460.08912180141795, 1027.428829651962, 3553.6579745383488, 2774.2265588808714, 1105.684403435266, 2466.757588414395, 917.7085594021667, 1437.8122269615042, 328.105166067223, 454.0418482915424, 1875.6665481902694, 3356.0050655504083, 788.7420364098772, 1115.6926099961404, 2379.285607067802, 1022.234806685822, 1440.1975558929407, 1029.2181498593968, 1332.8885924937613, 2595.0418108385074, 2848.7667507186334, 1248.1281985437233, 1786.4559888225626, 3457.3459473995367, 1434.793713395762, 2015.009677396116, 1754.3012854125143, 2552.6717376113993, 2830.0150176279985, 1910.6072333161517, 1286.3965174082211, 1623.0995040354119, 2424.139022416, 1778.545754261048, 2568.910274805253, 670.0783536273948, 643.1865981190839, 2025.76923661112, 827.6134363336545, 1235.0259106593676, 333.9011829868232, 2374.721036248258, 3234.7013772526207, 3232.5174400148253, 1443.8074663887842, 718.7941290800865, 1329.661611087573, 3199.6127890730777, 448.12609832501386, 1214.6872025340515, 3495.870134887736, 3582.593055316219, 1625.8536219475602, 1152.1132756808247], [589.8966011090419, 3275.0138931003025, 2479.9923386978435, 2118.413793384097, 2671.20384845485, 2469.96862328249, 1255.079678745537, 564.1311904158464, 2937.152532641095, 3061.1058459321525, 0.0, 3179.494613928446, 944.8264390881534, 2127.119413667225, 1386.1724279468265, 1751.1793169176021, 231.49082055234933, 2408.7610923460215, 3100.354818403855, 2750.691004093335, 3218.5085055037525, 744.0134407388082, 429.12002982848514, 902.2023054725586, 2721.7356594643793, 3239.929783189753, 840.9310316547962, 3325.5996451767915, 1269.716897579929, 3244.155514151564, 1842.8293464127382, 519.1724183737036, 2157.321487400522, 459.1840589567543, 2968.765568380232, 1267.4643979220875, 3014.7908716857955, 417.612260356422, 1634.0553846182816, 2452.6283860381295, 1132.7073761567901, 482.1970551548402, 1923.8152198171217, 2263.0742365198716, 2091.0404108959733, 849.8470450616393, 3104.523312845307, 3416.006586644704, 492.6438876105132, 496.9547263081417, 3096.1377553332472, 619.4271547163556, 2524.0970662793457, 1686.896855175206, 3070.219861834002, 3448.749483508479, 1824.3475546068519, 1043.5195254522073, 2297.11841227221, 2453.9032173254104, 1071.2371352786458, 2838.7978089325065, 1642.5644584003394, 2070.9333644518842, 1929.0767221652952, 488.66859935952505, 1285.292573696744, 2129.184116040696, 1278.690736652143, 420.3046514137097, 1931.841090773255, 1694.2057136015094, 1510.4979311472096, 992.3678753365608, 1328.4155976199618, 1438.0462440408514, 1849.2877007107359, 1798.7709693009836, 1012.3719672136324, 1549.4650689834864, 508.02460570330646, 2543.7523464362644, 2473.873481000999, 1123.797134717828, 2234.4021571776198, 1872.0731823302208, 3244.560524940165, 943.8861160118842, 199.85995096566995, 191.67159413955946, 1686.498443521369, 3212.0504354695304, 2214.7868971980124, 339.84849565652047, 3489.011321277132, 1873.9866595042772, 576.0946102854981, 525.0904683956851, 1897.890671245317, 3208.9032394262063], [2971.077245714086, 1787.5016083908847, 1205.842444102877, 1754.4517662221438, 1328.7001166553723, 1074.3393318686606, 2364.901900713854, 2622.977315952237, 861.1486515114565, 688.3669079785867, 3179.494613928446, 0.0, 2790.079031138724, 1083.4135867709986, 1974.0719338463834, 1563.566755850226, 3390.334791727802, 952.4914697780763, 1655.7397138439362, 729.9650676573503, 410.0987685911773, 3433.3123947581585, 2914.3798654259194, 2602.1846590893583, 727.7149167084594, 970.8084260038125, 2643.1899288549052, 181.0331461362808, 3217.238722880228, 1970.067257735126, 1486.4864614250612, 3500.219707389809, 1087.5890768116421, 2776.7333325330324, 1957.1471584937092, 2803.1418087567386, 1718.5883742187948, 2763.606701395841, 1977.0495694342112, 1114.8542505637229, 2386.4224269814426, 3089.0445124665976, 1697.2227314056338, 1717.50778746415, 1218.6287375570953, 2341.094188622064, 229.55827146935917, 1701.6865163713321, 3660.035518953334, 2989.5635132908615, 1792.4689676532757, 2560.613988870638, 1513.4397906755325, 1758.443914374297, 1016.3188476063996, 550.1754265686536, 1643.0076080164692, 3254.308682347143, 1181.4537654940204, 1708.2496890091916, 2311.291630236219, 1689.1752425370198, 1709.3062920377963, 1391.6942911429937, 1263.3388302430983, 2691.9556088464756, 2678.0786022818675, 1087.805589248373, 1926.9582247677297, 3538.5638329695284, 1895.0683364987133, 1803.4003992458247, 2114.8356910171533, 2478.6811009083035, 2649.2583867943117, 1832.3812376249655, 1641.726225653961, 1477.6213994119062, 2739.237302608155, 1698.7395327124168, 2730.133513218722, 662.0891178685843, 1123.8665401194219, 2288.416483072957, 1129.563189910153, 1321.2600046924904, 982.255058526043, 2662.930153045701, 3328.2322635296955, 3365.0866259280756, 1768.7399469678974, 1402.615414146016, 1872.1904283485694, 3379.7019099322947, 665.3435202960949, 1332.9561133060608, 3680.979353378663, 3702.722511882304, 1428.9258203279833, 1840.4722220126007], [365.2629190049272, 2456.245305339025, 1823.1908841369298, 1339.5894893585871, 1951.7656109277057, 1864.0649130328054, 1671.1199837234908, 883.3555343122043, 2323.8437985372425, 2486.592045350423, 944.8264390881534, 2790.079031138724, 0.0, 1900.293135282028, 816.8702467344492, 1226.8504391326596, 1000.3484392950288, 1879.8491960793026, 2299.700197851885, 2204.2232191862963, 2714.229909200766, 1666.9028166032956, 1142.4609402513506, 228.74002710500844, 2183.09734093558, 2591.8537767397297, 232.0086205294967, 2900.77575831018, 2069.699495095846, 2393.7685769514146, 1809.491917638761, 882.0051020260597, 1967.9484241209168, 599.6540669419328, 2111.5136750681963, 1913.4171003730473, 2200.3947373141937, 767.8704317786953, 890.5997978890406, 1835.423929232699, 403.832886228945, 1319.4305589912642, 1214.6349245761048, 1475.5534554871267, 1975.408059110826, 976.6191683558131, 2656.0922423741235, 2619.5621771586184, 1343.7205810733124, 453.0309040231141, 2270.110569994334, 829.0289500373314, 1767.224094448692, 1053.6583886630428, 2410.586858007817, 2921.9941820612853, 1901.0957366739844, 1882.3607518220306, 1699.6499639631686, 1651.7705651814963, 1395.399584348512, 2028.8026025219901, 1082.2037700913816, 1459.2909237023302, 1700.307031097619, 828.6965669049197, 1873.9658481413155, 1911.4319239774143, 964.6413841423143, 1338.9193403637128, 1137.6735032512622, 1837.7649468852103, 741.4560000431584, 1439.4502422800172, 1902.5206963394642, 1470.9180806557515, 1200.328288427795, 1726.2815529339355, 75.32595834106593, 1513.8444437920298, 580.4825578774955, 2128.6063515831197, 1847.9385812304477, 509.6165224951012, 1692.0721024826337, 1508.4445631179158, 2593.839239428689, 136.0, 1139.4020361575629, 1018.9430798626585, 1046.2313319720454, 2465.387799109909, 1389.021238138568, 864.4871311939814, 2934.2462405190195, 1480.04763436857, 1110.3044627488443, 1331.788646895595, 1846.7322491362954, 2378.28782951097], [2002.7643396066348, 2058.9660026333604, 1085.2598767115644, 1343.8578793905253, 1348.2481225649824, 947.7763449253205, 1305.117619220582, 1563.955562028538, 1225.9804239872674, 1233.0944813760218, 2127.119413667225, 1083.4135867709986, 1900.293135282028, 0.0, 1120.7037967277527, 802.5085669324658, 2346.534679053348, 736.1555542139175, 1869.6269681409713, 953.1558109774078, 1241.619104234467, 2350.119358670959, 1837.1056039324467, 1684.2066381534066, 917.8932399794652, 1528.9342693523486, 1711.4303958969526, 1248.7121365631072, 2167.4616490263443, 2166.2986867004283, 440.9410391424232, 2494.1589764888686, 96.77293009927931, 1756.3316884916699, 2010.2188935536349, 1759.130751251879, 1863.4658569450635, 1718.235432063953, 1283.477307941204, 970.3221114660843, 1518.683969758027, 2007.2530981418363, 1145.8621208504974, 1402.3708496685176, 242.76943794472976, 1278.5042041385707, 1068.4212652320246, 2081.6762476427502, 2597.081631370104, 2003.4862115822011, 1962.2109978287249, 1509.335284156572, 1394.7705904556492, 1040.8698285568662, 1430.1513905877237, 1476.9942450801898, 643.2705496134578, 2184.4770541253115, 875.0154284354077, 1516.3561586909586, 1229.244483412474, 1737.8613293355716, 929.8908538102738, 894.0894809805112, 205.0609665440988, 1638.87278334836, 1635.2718428444855, 21.02379604162864, 947.2533979880991, 2468.339725402482, 1371.4536084024132, 782.8422574184406, 1376.4000145306595, 1398.2335284207713, 1612.3563501906146, 749.208916124201, 1017.1774673084338, 405.20858826041683, 1866.5926175788868, 615.3283676217114, 1713.2781443770302, 564.7344508704954, 1000.9180785658734, 1394.8193431408959, 727.7156037903818, 435.6799283878017, 1538.6487578391632, 1764.8189708862492, 2263.832370119307, 2316.518292610702, 1054.7388302323945, 1769.6058883265505, 1518.1337227003423, 2357.219548535944, 1554.6539807944403, 487.99692621982774, 2655.9762800145636, 2644.621901142014, 392.7874743420416, 2058.2490131177033], [1022.7824793180611, 1921.131437460748, 1096.8646224580316, 775.6526284362092, 1286.2239307367904, 1101.6410486179243, 1382.927691529821, 949.8684119392539, 1571.1374860272413, 1714.4308093358566, 1386.1724279468265, 1974.0719338463834, 816.8702467344492, 1120.7037967277527, 0.0, 413.8272586478566, 1550.9074762860614, 1081.5581352844608, 1737.6495619082693, 1416.7797994042687, 1917.2493317250107, 1923.4682217286565, 1313.8683343470914, 632.3962365479415, 1392.3853633243923, 1864.1086341734485, 678.8497624658935, 2088.403457189247, 2078.2649013058945, 1919.315763494897, 1139.1268586070648, 1577.2133654011432, 1199.3206410297457, 928.6420192948411, 1660.710992316243, 1779.016582272352, 1662.7621597811276, 996.8038924482588, 337.2906758272455, 1079.7870160360328, 414.77222664976017, 1526.3512046707992, 549.7390289946676, 917.5930470529951, 1240.025806183081, 786.4972981517483, 1845.975351948124, 2046.9394226503139, 1874.3372161913662, 1059.8348928017042, 1751.4065775827153, 864.0787001193814, 1150.486853466827, 301.0066444449358, 1690.370373616386, 2133.7640450621525, 1291.393820644965, 1968.8242684404315, 929.6069061705598, 1110.3247272757642, 1121.3442825466227, 1487.779889634216, 275.506805723561, 693.9027309356838, 933.1971924518418, 972.2473964994712, 1692.2485042097098, 1134.6933506458915, 334.59228921181074, 1801.0024986101491, 626.3194073314351, 1287.1476216813671, 322.56782232578627, 1253.9936203984453, 1701.2965643884665, 920.5416883552857, 463.1554814530429, 1042.729591025401, 769.7564549907977, 897.313768979391, 879.1888306842848, 1312.2172076298955, 1098.364238310771, 317.0646621747684, 895.3351327854839, 703.8636231543721, 1868.0066916368366, 688.8693635225768, 1575.0079364879405, 1542.5381680853152, 301.42494919963076, 1828.5387608689075, 912.5398621430189, 1488.8065690344063, 2156.8704179899173, 669.3549133307382, 1782.750964100146, 1893.6382970356299, 1160.298668447051, 1865.5728342790587], [1432.6440590739905, 1673.6681271984598, 748.1824643761707, 642.6523165756115, 978.358318817804, 719.813864828957, 1472.1766198388018, 1257.192507136437, 1185.974704620634, 1315.5781998801895, 1751.1793169176021, 1563.566755850226, 1226.8504391326596, 802.5085669324658, 413.8272586478566, 0.0, 1932.523997263682, 672.1733407388306, 1480.751498395325, 1011.3525596941948, 1505.8691842255091, 2212.091544217825, 1611.624335879798, 1046.168246507224, 985.3019841652609, 1490.7783202072667, 1091.7774498495562, 1675.0671628325833, 2263.1716682567408, 1711.257432416292, 962.5284411382346, 1982.4663931577757, 893.4993005033635, 1303.6997353685395, 1483.6738186003013, 1914.818268139303, 1426.8233948180132, 1342.9597909096162, 482.1306876771069, 704.8694914663281, 823.0461712443598, 1819.4298557515208, 397.6581446418519, 752.4945182524588, 976.9692932738469, 1029.806292464753, 1432.1927244613414, 1770.2485701166377, 2243.628534316677, 1464.6409116230504, 1523.229464000746, 1176.0208331488009, 895.9135002889509, 238.549785160247, 1325.060375982921, 1725.2767893877203, 1158.2836440181654, 2192.091238977064, 547.6130020370225, 924.1753080449618, 1253.8365124688305, 1261.3365926666838, 146.98639392814562, 338.89231327960215, 652.4185772952821, 1299.2074507175519, 1810.5165008913893, 820.2889734721539, 501.96912255635806, 2155.3071706835663, 601.8180788244899, 1206.436902618616, 587.8885948885214, 1414.1898740975344, 1808.687092893627, 899.4676203177077, 251.95634542515495, 863.8807788115209, 1175.7431692338255, 818.4234845115333, 1254.1873863183284, 902.9977851578597, 728.1545165691139, 730.8194031359594, 488.9683016310976, 367.9198282234868, 1495.8355524588924, 1101.2402099451326, 1930.5110722293202, 1918.9697756869439, 252.3529274646918, 1516.6044309575257, 817.9058625538761, 1884.9827585418388, 1753.0718753091671, 314.6823795511913, 2182.477949487692, 2269.7720149830025, 963.3202997964903, 1635.3754920506788], [635.6492743644093, 3405.5073043527595, 2647.731481853853, 2254.576900440524, 2826.885565423546, 2647.082356104547, 1479.8827656270614, 788.684981472324, 3116.1304529817103, 3247.328902344202, 231.49082055234933, 3390.334791727802, 1000.3484392950288, 2346.534679053348, 1550.9074762860614, 1932.523997263682, 0.0, 2597.7394018646287, 3236.2255792821366, 2939.5600010885983, 3415.9105667449785, 822.0024330864234, 648.0154319150123, 1009.0138750284855, 2911.6004190135704, 3413.9392203142693, 947.187943335429, 3533.222466814112, 1415.2755915368568, 3362.7109599250425, 2071.3222829873675, 339.70575502926056, 2379.554580168314, 629.0262315674919, 3083.6934023991425, 1460.7456999765566, 3145.864587041216, 628.7161521704369, 1772.0025395015664, 2627.5939564552205, 1255.009960119839, 656.2270948383647, 2074.5903210031615, 2398.1419891240803, 2317.157310153974, 1073.2026835598203, 3308.543637312345, 3554.2966955503307, 344.6534491340541, 553.4835137562816, 3223.5025981066, 837.330281310786, 2669.526175185402, 1848.741463807203, 3241.14825332011, 3643.9403123541965, 2055.5583183164617, 1177.974957288991, 2474.1343940861416, 2586.071344723498, 1302.138625492693, 2970.585969131343, 1816.0357925988133, 2242.955416409341, 2146.714932169616, 708.994358228611, 1489.19877786681, 2349.279251174709, 1475.835356670926, 358.4243295313531, 2061.6755321825012, 1925.6949394958694, 1639.495044213309, 1218.964314489969, 1533.8174598041319, 1666.5584298187687, 2011.2247512399006, 2025.3179997225127, 1073.5944299408413, 1775.8947040858025, 678.4283307763613, 2748.586545844973, 2647.4323409673757, 1267.6166612978861, 2419.72250475132, 2076.3010379037046, 3418.073287687085, 1029.847076026339, 243.64728605096343, 55.00909015790027, 1847.029236368499, 3363.807366660582, 2337.7238930207304, 185.39956850003725, 3680.200538014199, 2074.7939656746644, 347.2477501726973, 346.0, 2125.955079487805, 3334.9842578339108], [2103.715760268007, 1322.8824588753153, 370.7937432050331, 822.8687623187552, 619.8870864923708, 219.14607000811125, 1908.58193431668, 1889.2162396083727, 559.0536646870316, 653.6520481112256, 2408.7610923460215, 952.4914697780763, 1879.8491960793026, 736.1555542139175, 1081.5581352844608, 672.1733407388306, 2597.7394018646287, 0.0, 1134.2389518968214, 341.9897659287482, 836.1393424543543, 2809.0784965892285, 2227.8550222130702, 1712.1778529113149, 314.0143308831621, 877.2416998752396, 1760.198000226111, 1034.7603587304648, 2758.602001014282, 1435.1393660547396, 1136.3318177363512, 2654.6340614103483, 820.9811203675758, 1968.918484854058, 1298.8783622803176, 2371.5252475991056, 1133.2440160883268, 1994.6493426163909, 1031.7756539093177, 250.0, 1478.346373486268, 2427.4538100651885, 744.7314952383846, 816.4294213218924, 978.8360434720413, 1633.7643648947667, 785.5984979619042, 1349.7158960314575, 2901.1397760190735, 2136.7961999217428, 1230.972379868858, 1813.1298905483854, 706.781437220871, 828.0489115988258, 740.2161846379745, 1053.1329450738876, 1353.1393128573272, 2728.9824110829295, 237.54788990854033, 867.889969984675, 1753.70493527275, 1019.4258187823183, 806.2406588606159, 440.70965498840616, 761.7118877896025, 1941.396662199665, 2253.757085402063, 756.0720865102745, 1132.8865786123517, 2803.762115444176, 946.3551130521777, 1469.6016467056643, 1174.2478443667674, 1926.1329133785134, 2239.9379455690287, 1301.3043456470896, 696.5091528472544, 1065.9085326612224, 1822.747651212312, 1175.7839937675628, 1919.7189898524211, 365.9972677493645, 277.5968299530814, 1397.6959612161725, 187.77912557044246, 598.0836061956555, 884.6722556969897, 1760.111644186243, 2581.297735636089, 2581.7095111572876, 836.6438907922534, 1043.115525720905, 963.8822542198814, 2555.8288283842485, 1082.7788324491758, 569.5507001136949, 2854.0169936424695, 2931.1666619283183, 1101.617447211145, 1324.2061773001967], [2630.0695808286137, 195.27416623813812, 798.3144743771091, 982.4260786440881, 530.8351909962263, 922.8721471579906, 2937.101462326421, 2686.1786984487835, 804.5153820779315, 967.9736566663372, 3100.354818403855, 1655.7397138439362, 2299.700197851885, 1869.6269681409713, 1737.6495619082693, 1480.751498395325, 3236.2255792821366, 1134.2389518968214, 0.0, 1029.0738554642228, 1277.1566074683246, 3658.9053007696166, 3049.796058755405, 2231.0224113621093, 1054.4956140259665, 740.6247362868729, 2292.0962021695336, 1605.2442181799006, 3743.785383806075, 319.70767898190996, 2251.197903339464, 3179.21059384244, 1955.219680752012, 2642.41442623976, 362.43206259932356, 3388.955296252814, 118.40608092492548, 2730.0183149568797, 1466.674128768896, 903.9657073141658, 1981.6059144037697, 3261.9150816659835, 1187.9111919668069, 838.2630851946184, 2112.3943760576526, 2493.2950086181136, 1426.5752696580716, 319.9015473548073, 3574.6555078776473, 2696.018545930276, 141.56623891309678, 2600.727975010074, 590.8925452229026, 1443.8175092441566, 641.9548270711889, 1308.1242295745462, 2469.4428521429686, 3669.485113745524, 1028.5275883514257, 651.0276491824292, 2732.5725973887684, 271.7517249255283, 1528.67066433552, 1151.1424759776698, 1871.0224477541685, 2709.7367030765186, 3280.459266627159, 1889.752629314218, 1967.8033438329146, 3520.2511274055437, 1175.0957407802991, 2570.6203531443534, 1596.7830159417404, 2894.668547519733, 3274.8361791088114, 2338.918767293982, 1291.2524927371874, 2171.1409442963395, 2225.7019117572777, 2230.72768396324, 2594.5968858379524, 1416.3121124949826, 872.7943629515488, 1976.5829099736748, 1170.642985713407, 1639.7908403208014, 731.8203331419536, 2227.859286400288, 3295.7208619663165, 3237.732848769336, 1440.4586075274776, 307.0439707924583, 910.7606710876354, 3137.2301477577316, 1227.7752237278614, 1589.629516585547, 3405.029368448971, 3582.010608582839, 2222.510517410435, 194.98717906570164], [2439.5518030982657, 1196.735977565645, 479.1294188421329, 1042.3531071570708, 612.0073528970056, 363.7609104892938, 2205.2723187851425, 2229.014356167317, 275.04545078950133, 314.6362979695763, 2750.691004093335, 729.9650676573503, 2204.2232191862963, 953.1558109774078, 1416.7797994042687, 1011.3525596941948, 2939.5600010885983, 341.9897659287482, 1029.0738554642228, 0.0, 514.9951456081892, 3140.6726986427607, 2564.6062075882137, 2044.321403302328, 35.4682957019364, 577.700614505472, 2093.915948647414, 765.3103945458993, 3063.407253370012, 1347.8545915639418, 1386.2124656776102, 2992.6992832558367, 1019.6317962872677, 2310.6685179834863, 1278.0492948239516, 2668.0376683997547, 1063.6489082399323, 2336.3486469275085, 1335.955089065497, 401.807167681215, 1805.8230810353489, 2762.2362317513685, 1027.3276011088187, 992.589542560267, 1184.2639063992451, 1970.3311904347452, 521.1237856786043, 1174.2750955376682, 3243.0252851311534, 2474.846459883926, 1151.4208613708543, 2153.641799371474, 785.0535013615314, 1150.7580110518459, 483.04554650674504, 718.366201877566, 1595.3435366716474, 3045.701561217054, 508.6944072820145, 978.6327196655546, 2068.824787167826, 998.4387812980824, 1141.3610296483755, 746.4274914551312, 1033.3034404278349, 2282.311547532457, 2547.6020097338596, 970.0082473876189, 1474.2079229199658, 3144.8887102725907, 1201.3962710113594, 1727.8483729772124, 1483.0053944608562, 2242.0983475307235, 2530.401746758803, 1603.7082028848017, 1007.0014895718874, 1329.8932287969587, 2144.4649682379986, 1473.0461635671843, 2261.4278675208725, 412.62210314039163, 404.4267548023993, 1731.2472382649453, 522.5514328752721, 921.0781725782019, 587.0076660487493, 2088.001915707933, 2922.7358758533073, 2923.673203352249, 1157.9982728829953, 853.8225811021866, 1147.750844042382, 2896.20199571784, 741.7580468050212, 900.0761078931048, 3193.826545070975, 3273.1564276703916, 1342.9653755774941, 1223.8010459220893], [2938.5004679257754, 1395.1863674792698, 971.518913866323, 1543.004860653394, 1025.1541347524283, 875.4164723147492, 2546.0954420445437, 2680.318078139235, 523.0544904692053, 323.5428874198906, 3218.5085055037525, 410.0987685911773, 2714.229909200766, 1241.619104234467, 1917.2493317250107, 1505.8691842255091, 3415.9105667449785, 836.1393424543543, 1277.1566074683246, 514.9951456081892, 0.0, 3554.4655013095853, 3000.067499240642, 2548.295508766595, 532.6030416736277, 565.8922158856756, 2596.058550957586, 328.09754647055803, 3408.8877951613485, 1584.703126771699, 1678.0896877104037, 3486.858901647728, 1275.9314244895766, 2789.3570943857294, 1599.1253859532092, 3000.6607605659124, 1351.0281270203075, 2801.3391440523583, 1850.6658261285315, 911.5596524638418, 2313.7642490106896, 3189.077766376982, 1541.9708168444693, 1477.4471225732582, 1429.8940520192396, 2409.6765343091174, 217.55459085020476, 1298.0485353021281, 3708.5276053981315, 2969.401454839005, 1417.0003528581071, 2609.5288846839767, 1231.1949480078288, 1660.7757223659069, 636.1768622010707, 237.35627229968034, 1863.3048596512594, 3419.0013161740667, 1023.4539559745714, 1429.7727092094044, 2450.2081544228035, 1345.0605934306454, 1642.161076143263, 1259.800777901014, 1382.5223325501834, 2740.2178745493943, 2876.6550019075976, 1252.3545823767324, 194