{"TourSize": 100, "DistanceMatrix": [[0.0, 3475.353938809686, 793.3630946798571, 3349.3775541135997, 1684.9026678120015, 2939.931461786142, 146.7310464761974, 1303.9056714348626, 2084.0117562048445, 1489.2279879185726, 3496.432467530297, 365.3669388436781, 2474.7270556568456, 869.5084818447718, 1050.4537114980365, 671.3046998196869, 854.4196861027957, 3242.2536914930024, 2851.4040401177804, 1064.592410267892, 120.61923561356207, 2309.491935469791, 909.6208001139815, 3384.8960102195165, 999.2021817430144, 909.3756099654312, 2882.43733669962, 1052.3977385000408, 3519.9525564984538, 2059.439972419687, 1808.8725770490303, 455.0890022841686, 1975.6560935547461, 3095.957687049356, 535.306454285767, 826.4635503154389, 3193.002348887329, 1898.8841460183926, 2478.3429948253734, 681.6223294464464, 2706.14947850262, 1752.1030220851742, 2701.229719960892, 983.7337038040325, 931.1245888708986, 832.3322653844436, 447.1822894525229, 1766.5868220950817, 956.7371634884892, 1350.431412549338, 379.7472843879203, 866.8333173107734, 3285.987218477881, 1027.7402395547233, 2714.4796923167432, 949.8736758116839, 1604.6809651765675, 560.5086975239545, 711.5124735378854, 1606.1114531688017, 887.3353368372073, 748.1082809326468, 488.84864733371205, 753.2994092656651, 1397.3761125767107, 2084.476433064188, 3030.1645169858352, 1830.0002732240234, 332.0316249997882, 3091.637753683313, 911.3577782627414, 1263.1049045902719, 620.2983153290036, 74.02702209328699, 2620.153048964888, 296.95117443781896, 3401.013084361776, 3390.829544521517, 872.2138499244322, 1513.2481620672797, 1040.5503351592367, 3004.243665217587, 186.93581786270923, 828.0658186400402, 3341.344789153014, 2688.9025642443794, 2699.712577294109, 491.62994213127416, 1038.315944209661, 1832.2559864822383, 2609.5127897751336, 2873.482382058397, 2392.371626650007, 2958.4607484298317, 727.7719423006083, 3385.965888782697, 1292.0700445409298, 553.2314163168971, 912.7962532789012, 3496.164326801588], [3475.353938809686, 0.0, 4126.8111175579625, 146.4547711752676, 1984.748346768426, 838.1467651909181, 3400.5377515916507, 2306.9852621982654, 1424.5981889641726, 2055.5643993803747, 84.07734534343957, 3340.1487990806636, 1019.702407568012, 3050.0098360497136, 3019.56453814122, 3442.1425014080983, 2712.973645282976, 1746.0864812488526, 1714.029171280349, 2999.083193244229, 3475.218842029952, 1910.1691024618738, 3237.0080321185487, 1698.6794871311067, 2476.1550839961537, 3829.5661634185144, 658.6562077442222, 3467.2954878406313, 1578.5857594695324, 1582.1453789080192, 1677.1061385613016, 3392.8915396752664, 2133.0283636182617, 907.8992234824303, 2978.58087014605, 3555.095076084464, 729.2770392656004, 2354.952653451869, 1674.7826724682818, 2806.2230845034396, 835.374167663808, 1939.8195792392653, 1703.6340569500246, 3030.8158967512363, 2557.1937744332163, 4122.520588183885, 3723.729984840469, 2035.067075061655, 2825.0113274109185, 2355.644285540582, 3786.9403216845126, 2984.5523952512544, 1044.806680683082, 2454.1159304319754, 1123.6000177999288, 3015.373442875691, 1875.6172317399944, 3281.354141204512, 3612.614704061312, 2077.8577910915847, 3309.6877496223115, 3010.1649456466666, 3168.065655885307, 3268.2327028533327, 2116.5871113658422, 1451.782697238123, 571.4630346750348, 2447.9170737588315, 3807.1853120120118, 599.0500813788443, 3341.187812739655, 2885.8823607347545, 3417.780712684768, 3461.3906165008307, 869.2140127724587, 3367.982333682883, 666.1268647937868, 1041.0120076156663, 3727.105579400723, 1980.6274258426292, 3426.3989843566087, 480.45915539200627, 3435.9429564531483, 2756.2902604769333, 549.561643494158, 1824.719156473127, 936.2846789305056, 3015.3508916874002, 3345.929616713418, 1907.9845387214227, 1285.9463441372661, 601.878725325958, 1317.7712244543816, 1712.391602408748, 3460.5029981203597, 465.2418725781247, 2188.8590635305873, 3719.75617480501, 2585.0431331024247, 1465.6309221628753], [793.3630946798571, 4126.8111175579625, 0.0, 3992.603787004165, 2203.354714974418, 3503.4257520318592, 932.6548128863111, 1838.6856718863069, 2789.4748609729395, 2233.5543422983915, 4137.891371217954, 1130.9765691648965, 3108.3868806826476, 1149.9608688994595, 1822.0395165857408, 740.0168916991017, 1633.8629073456561, 3612.202098443552, 3236.178301639142, 1838.2605908847636, 874.9537130614397, 2693.571606621959, 1648.8192745113092, 3766.2588864813847, 1693.6971393965332, 530.0650903426862, 3572.916175898897, 1722.9846197804552, 3927.900329692697, 2610.106894362758, 2451.8003589199507, 1187.2830328106268, 2345.2317582703845, 3630.833099992342, 1312.561617601246, 1465.713819270324, 3752.861441620247, 2202.6792776071597, 2905.303598593441, 1429.8090781639344, 3403.3424746857318, 2263.6364549105497, 3097.918171934178, 1219.867615768203, 1665.4182657819026, 77.47257579298626, 408.06494581132546, 2229.8932709885466, 1749.617386744885, 2134.200084340735, 785.870854530183, 1197.6998789346185, 3788.5270224719266, 1747.54828259479, 3246.361809780296, 1727.34623049347, 2299.6230125827146, 1317.6589088227652, 1322.8473078930917, 2378.2113026390234, 963.2284256602895, 1537.5633320289608, 1278.08372182733, 1495.4146582135672, 2010.225111772311, 2686.990323763746, 3726.4852072697136, 2111.3351226179134, 582.0738784724839, 3683.635296822963, 953.5711824504765, 1481.347022138972, 743.7506302518339, 851.2843238307634, 3298.8599545903735, 1064.492836988582, 3963.1307069033187, 3892.867837468927, 596.3908114650997, 2228.0002244165057, 980.4896735815222, 3671.0659215001847, 735.1530452905707, 1612.2090435176203, 3922.5399934226293, 3056.998855086472, 3417.676549938569, 1268.008280730059, 1036.4000192975684, 2327.3712638940956, 3117.9852469182724, 3530.3450256313477, 2935.9013948019438, 3339.189272862501, 1408.3951860184698, 3978.1654063148253, 1998.8621763393294, 1086.3516925931492, 1657.8063819397005, 3924.4897757542954], [3349.3775541135997, 146.4547711752676, 3992.603787004165, 0.0, 1842.2445548840685, 697.4818994067158, 3277.462433041758, 2168.4326136636114, 1315.074522603187, 1945.1133643055357, 147.13938969562162, 3222.4309146977844, 884.2171678948561, 2910.010481080781, 2921.341643834216, 3303.9400720957397, 2597.9008834056776, 1632.514931019009, 1582.101450602963, 2901.182689869771, 3351.9607694601677, 1765.431675256791, 3135.3117867287137, 1594.113233117397, 2350.4520841744466, 3689.6506609704934, 583.2709490451243, 3370.0428780655, 1485.592137835954, 1438.2075649919243, 1546.0795581081848, 3277.938986619489, 1986.5902949526358, 781.9565205303937, 2857.737041786735, 3450.301436106706, 609.2437935670745, 2208.523715063979, 1531.4313566072753, 2683.752037726287, 749.9953333188147, 1796.454563856264, 1566.3422359114243, 2889.260459010229, 2435.7005152522343, 3987.2202096197298, 3590.557895369465, 1890.096558380021, 2719.5565815036834, 2254.850992859617, 3665.6636506913724, 2845.060632042839, 939.0047923200392, 2331.647486220848, 979.7397613652311, 2913.267924513638, 1754.4073073263232, 3168.8344860531924, 3504.0091324081905, 1980.8382064166674, 3168.6416648147515, 2900.248954831292, 3051.7563795296637, 3161.588524776746, 1982.758179909996, 1312.6400877620642, 528.6217929673351, 2301.4623611955944, 3681.3775954118046, 460.24558661653674, 3199.8389021949215, 2741.644032328048, 3280.324374204478, 3337.040904753791, 760.9494069910298, 3248.6160130123103, 578.58102284814, 946.512017884612, 3587.0886523753493, 1862.864997792379, 3283.696240519211, 381.2741795611132, 3306.134449776657, 2641.8495415144293, 450.24993059410906, 1687.6613996889305, 871.1521107131636, 2893.7881746942016, 3203.1999625374624, 1763.3989905860783, 1141.6168358954767, 481.1330377348868, 1171.4264808343714, 1584.8810680931235, 3353.2506616714472, 376.4159932840261, 2066.8877569911724, 3605.4077439313296, 2464.826363052781, 1373.2170258192984], [1684.9026678120015, 1984.748346768426, 2203.354714974418, 1842.2445548840685, 0.0, 1300.739789504419, 1662.3480381676998, 381.4302033137911, 958.8628681933616, 940.4536139544576, 1981.6117177691497, 1697.963486062053, 984.5328841638557, 1077.8395056779093, 1766.354437818186, 1483.4948601191713, 1221.6513414227481, 1604.618334682737, 1216.056742097177, 1755.7773207328999, 1728.5751357693423, 722.9744117186998, 1883.9238307320177, 1734.3431033102995, 823.7293244749758, 1854.9137446253396, 1544.7258656473646, 2153.44375361884, 1850.8930277031138, 411.2055447096987, 503.77475125297815, 1792.3406484259626, 511.941402896855, 1430.7679755991187, 1324.6924171293501, 2106.234792229964, 1549.534446212797, 640.4498419080139, 822.9003584881951, 1148.5686744814172, 1414.0014144264496, 68.30812543175226, 1062.1059269206626, 1048.4793750951899, 974.9964102498019, 2187.2014081926704, 1819.161620087671, 181.60396471443016, 1488.012432743759, 1260.908402700212, 2052.263384656073, 1017.6114189610885, 1605.4983649944961, 881.5310544728416, 1045.7920443376877, 1695.7302261857574, 679.7425983414604, 1735.6811343101012, 2094.921716914501, 1195.8448896073437, 1329.400240710073, 1552.6058740066649, 1570.6489104825432, 1825.762580403049, 391.03580398730753, 548.7740883095703, 1702.863470745673, 677.8347881305591, 2002.85246585963, 1489.8110618464343, 1359.4123730494732, 910.4861338867275, 1467.100882693484, 1697.948468004845, 1263.7535360979214, 1694.9197621126493, 1759.793453789393, 1710.5157117080216, 1752.041666171213, 768.760690982571, 1441.6615414167086, 1575.3440893976147, 1587.756278526399, 1266.8709484395006, 1722.366975995534, 1081.8105194533837, 1505.053155207483, 1342.947876873857, 1361.204246246683, 157.0636813525011, 928.1745525492497, 1422.0900112158865, 732.5469268244868, 1322.000378214772, 1982.0759319461, 1781.8967422384496, 741.464766526367, 2099.1245794378187, 1022.3199107911378, 1818.7138312554837], [2939.931461786142, 838.1467651909181, 3503.4257520318592, 697.4818994067158, 1300.739789504419, 0.0, 2892.7303711199907, 1667.9187630097576, 1157.045375082585, 1709.3182851651707, 798.2361805881766, 2880.0368053203765, 590.8104603000864, 2374.833467845693, 2721.9147672181066, 2783.2062446035147, 2293.438466582437, 1027.1767131316792, 900.1877581927006, 2704.487012355578, 2964.326567704712, 1080.907026529109, 2906.9353277979885, 1035.9855211343447, 1970.6410124626962, 3146.1794290853786, 851.0757898095798, 3164.2812770043056, 997.6276860632928, 893.846743015826, 1168.2469773125886, 2954.6676632068115, 1334.541119636259, 217.11057090800531, 2500.6083259878983, 3193.726506762907, 253.07113624433742, 1553.2018542353082, 839.6100285251481, 2318.8794707789366, 897.3672603789377, 1242.549797794841, 871.2364776568988, 2335.3425872877838, 2087.6326305171606, 3487.926891435656, 3115.385208926819, 1301.5191124220958, 2479.1702240870836, 2066.8473576923866, 3287.92533370209, 2316.856706833636, 471.66619552391074, 1979.973989728148, 296.0219586449627, 2688.7709087982935, 1448.9064842149062, 2865.6414639657905, 3220.574017159053, 1835.2321379051753, 2617.425643643005, 2622.9069750946182, 2723.9695299323744, 2899.4725382386364, 1543.0466616405351, 863.4402121745316, 933.4345183246653, 1650.7259009296486, 3267.8730085485267, 239.82702099638396, 2644.5510015879822, 2150.9125970155087, 2767.7270457904624, 2941.0, 771.368264838527, 2893.2246715386623, 462.00541122372147, 552.8001447177813, 3043.4312872151395, 1577.0443874539485, 2710.089297421766, 688.7909697433613, 2865.153748056114, 2340.472174583582, 426.00469480981076, 992.6983429018102, 1073.3484988576636, 2529.9946640259936, 2630.0146387425298, 1187.4868420323655, 458.76355565803175, 592.7697698094936, 569.4989025450357, 918.6800313493268, 3082.315525704661, 496.14514005480294, 1732.7740764450512, 3279.8548748382145, 2125.849006867609, 900.9084304189855], [146.7310464761974, 3400.5377515916507, 932.6548128863111, 3277.462433041758, 1662.3480381676998, 2892.7303711199907, 0.0, 1284.9980544732355, 1996.560292102395, 1389.207687856643, 3424.6007066517986, 220.5379785887229, 2409.6373171081163, 935.6243904473632, 903.8390343418456, 789.2401408950257, 738.7563874512355, 3240.891389725981, 2849.225333314303, 918.1007569978362, 75.0, 2312.293450235069, 765.1013004824916, 3380.21730070716, 930.7980446906837, 1051.4837136161455, 2796.8062142379476, 918.6103635383176, 3508.600860742071, 2022.5669333794617, 1746.2262167313834, 318.27660925679095, 1986.0586597580646, 3055.6439583171336, 429.55442030085084, 703.957385073841, 3145.5533694407413, 1925.0789594195871, 2469.384133746712, 594.5056770124235, 2618.7991522833513, 1730.345919173389, 2697.469184254011, 1051.8336370358195, 844.5383354235614, 974.6902071940602, 593.8972975186872, 1757.5030583188184, 817.7358986861223, 1227.2118806465328, 395.2138661535043, 922.0683271862232, 3253.0702420943817, 946.4565494516903, 2677.1720153923616, 803.6479328661277, 1525.2517824936315, 415.27821999233237, 601.0657202003788, 1490.1516701329433, 988.494815363237, 605.1941837129633, 345.5792239125495, 609.1518694053233, 1351.1957667192419, 2032.0354327619389, 2942.0348400384382, 1862.13452790071, 424.1851011056376, 3035.742083906339, 1015.9335608198008, 1322.3267372325192, 735.7064632039059, 81.40024569987489, 2539.588155587437, 153.16004700965587, 3352.072194926595, 3357.5534247424866, 1010.0004950493836, 1426.6246878559195, 1152.1688244350305, 2926.091249431569, 308.22881111278355, 708.1532320056161, 3287.4313681048916, 2691.7371714192304, 2604.757570293251, 388.96015220071064, 1142.6329244337396, 1813.7100098968413, 2579.1147706141346, 2799.040014004802, 2354.3015949533738, 2956.447868642368, 597.3826244543776, 3328.8161559329164, 1211.8188808563762, 481.58592172114004, 820.4833941037442, 3480.224849057888], [1303.9056714348626, 2306.9852621982654, 1838.6856718863069, 2168.4326136636114, 381.4302033137911, 1667.9187630097576, 1284.9980544732355, 0.0, 1107.848816400505, 846.0933754615976, 2311.616317644431, 1332.7434111636044, 1288.8708236281866, 746.9062859556077, 1483.2225052230026, 1135.5527288505805, 917.7673997260962, 1963.7700985604197, 1572.394670558254, 1475.8702517497939, 1349.984073980134, 1049.1315456128464, 1570.350279396288, 2099.2724930318122, 515.097078228949, 1524.4362892558022, 1808.0002765486515, 1837.2079359724091, 2223.8678018263586, 774.2899973524131, 675.1725705328971, 1431.98044679388, 757.9795511753599, 1807.1115073508884, 968.1038167469437, 1765.1243582252214, 1919.1065629610046, 784.9490429320874, 1186.6701310810852, 800.1706068083231, 1656.9601685013433, 448.26443088873333, 1419.2307775693141, 744.8342097406644, 670.3200728010463, 1827.043787105279, 1447.5420546567896, 479.0334017581655, 1204.4351373154138, 1085.3557020626924, 1672.885531051064, 679.1244363148775, 1986.341863829084, 598.2641557038162, 1422.5786445747033, 1400.6462794010486, 681.1438908189664, 1386.9059088489023, 1741.9586677071302, 1108.218390029691, 1013.32028500371, 1231.7986848507348, 1216.9260454111416, 1495.077924390565, 266.5520587052368, 855.8621384311845, 1966.619688704453, 771.1763741194358, 1621.4465763632177, 1844.972086509712, 1047.7580827652919, 695.8850479784718, 1113.0732231079858, 1318.2935940070406, 1524.8606493709515, 1325.0637720502361, 2129.240240085651, 2091.345260830932, 1422.4517566511702, 707.611475316787, 1152.5055314400881, 1871.1627401164228, 1207.106043394697, 958.9770591625224, 2084.5443147124506, 1424.1253456069096, 1717.0235874908649, 981.6567628249703, 1074.3416588776588, 529.1389231572366, 1308.9938884502096, 1722.7747966579961, 1104.71896878799, 1679.420138023836, 1638.8636306904855, 2139.48615326204, 568.8629008821018, 1730.7007251399648, 718.167807688426, 2195.460088455265], [2084.0117562048445, 1424.5981889641726, 2789.4748609729395, 1315.074522603187, 958.8628681933616, 1157.045375082585, 1996.560292102395, 1107.848816400505, 0.0, 630.9714732061981, 1460.0414377681204, 1921.1460121500395, 566.2552428013361, 1824.5547402037573, 1616.3248435880703, 2168.558276828179, 1290.9105313692348, 1994.2642753657299, 1687.0044457558492, 1596.923291833393, 2071.5602815269463, 1428.1351476663544, 1823.9980811393416, 2065.2554321439275, 1097.6228860587776, 2575.3098842663576, 800.4323831530056, 2065.3895516342673, 2091.001912959431, 779.6871167333727, 458.1539042723526, 1969.9210644084194, 1397.7388883478916, 1370.4878693370474, 1568.9079004199068, 2135.93843544237, 1374.2899985083207, 1576.1249950432232, 1350.7557144058285, 1404.1082579345511, 622.3905526275282, 961.4260241953095, 1561.8082468728355, 1842.652707375972, 1153.6099860871525, 2796.7352395248286, 2381.413235874866, 1113.3957068356247, 1405.1665381726111, 948.1033698917012, 2375.3671295191402, 1751.9352156972016, 1621.5896521623465, 1056.6480019382045, 1104.7501980085815, 1601.8092895223201, 490.1958792156458, 1856.9073751805715, 2189.110549972294, 689.7717013621246, 2095.443867060151, 1585.8527674409122, 1746.9905552120194, 1846.5982237617363, 851.9677223932841, 557.9793903003945, 946.1891988392174, 1628.432989103328, 2412.819926973416, 1195.615740946898, 2132.725955203809, 1796.697247729845, 2133.2709626299234, 2062.3493884402806, 555.518676553723, 1952.466388955262, 1547.7806692164106, 1708.7755850315746, 2477.3671508276684, 570.8108268069203, 2249.9444437585566, 944.2399059561081, 2069.0326241990483, 1333.4016649157147, 1444.5352193698843, 1647.2838249676345, 630.6956476780223, 1607.9580218401225, 2173.8778714546042, 1000.0844964301766, 1126.9365554457802, 836.3217084352169, 887.4756334683224, 1766.755500911204, 2038.178843968311, 1457.1513305075764, 794.6672259505862, 2296.1084469162165, 1176.085030939515, 2011.930913326797], [1489.2279879185726, 2055.5643993803747, 2233.5543422983915, 1945.1133643055357, 940.4536139544576, 1709.3182851651707, 1389.207687856643, 846.0933754615976, 630.9714732061981, 0.0, 2090.5061588046087, 1297.126439480747, 1140.688388649591, 1409.831550221515, 1012.87758391624, 1685.9092502267138, 665.0751837198559, 2386.5801893085427, 2027.764532681248, 995.2532341067774, 1463.8363979625592, 1622.5427575259766, 1206.1152515410788, 2486.7257589046685, 567.733211993098, 2092.930003607383, 1424.1969667149274, 1457.5901344342312, 2551.8373772636846, 1034.5515936868494, 597.2101807571603, 1341.0719592922671, 1452.373574532393, 1909.7753794622026, 959.7692430996109, 1510.171513438126, 1947.0202875162856, 1560.3348999493667, 1641.760031186044, 809.9660486711773, 1243.3442805594916, 984.7867789526828, 1881.5339486706052, 1461.397960858027, 568.1381874157026, 2250.20287974218, 1828.836788781328, 1121.6171361030465, 781.2157192478912, 367.26693289758606, 1757.6188437770004, 1336.9637242647984, 2148.042830113031, 492.3921201644072, 1582.4563185124573, 985.0827376418694, 294.8847232394381, 1226.2177620634925, 1559.0542004689894, 263.8370709358334, 1670.1676562549042, 955.1512969158342, 1120.9107903843196, 1218.7616666108268, 603.1948275640301, 903.4079919947576, 1562.8784341720248, 1574.4614952421034, 1811.4151926049421, 1789.9027906565204, 1710.0716359264018, 1508.3454511483767, 1642.2332355667388, 1459.6711958519973, 1186.4678672429354, 1332.4038426843417, 2135.7083134173545, 2244.2390692615613, 2002.2569765142534, 174.92855684535903, 1846.9231169704926, 1575.177450321074, 1499.913664182042, 705.8222155755655, 2043.8877170725402, 1935.8225641829883, 1216.8451010707977, 1001.3610737391383, 1779.5336467737832, 1064.8164161018556, 1550.174506305661, 1465.0491459333368, 1292.0131578277367, 2124.149241461155, 1409.3643957472461, 2065.842443169372, 296.37982387470305, 1666.2859898588838, 578.5162054774265, 2489.0482116664593], [3496.432467530297, 84.07734534343957, 4137.891371217954, 147.13938969562162, 1981.6117177691497, 798.2361805881766, 3424.6007066517986, 2311.616317644431, 1460.0414377681204, 2090.5061588046087, 0.0, 3369.228546715108, 1029.7232637946954, 3051.86189071524, 3063.27879893424, 3447.1626013288087, 2744.2975421772326, 1678.9714113111038, 1660.2605217254309, 3043.0019717377772, 3499.1000271498383, 1876.6803137455245, 3278.4523787909443, 1627.285162471532, 2497.5437934098372, 3831.4660379546626, 712.6324438306187, 3511.693181358531, 1503.0083166769239, 1575.493890816464, 1692.5873684983, 3424.358918104234, 2109.93862469978, 851.1556849366631, 3004.796332532373, 3594.419285503571, 669.4833829155134, 2331.423813895706, 1637.6788451952355, 2830.8770725695595, 885.0836118695228, 1934.5203539895879, 1655.9885265303017, 3029.5009490013367, 2582.7847374490966, 4132.038842992645, 3736.2489210436715, 2024.5999604860215, 2863.7838605593124, 2397.5472883761854, 3812.757532285524, 2987.3667334292923, 975.2948272189287, 2478.767839068435, 1088.9995408630805, 3056.5110829179075, 1901.44813234545, 3314.815530312358, 3649.149215913211, 2122.123936060286, 3309.407802009296, 3045.6516544082974, 3198.3678650211577, 3306.1960014494, 2128.4031572989174, 1455.772647084702, 637.840889250603, 2425.742978965414, 3828.438454513798, 558.5123096226259, 3340.261816085679, 2877.6243674253246, 3424.041179658913, 3484.168767439373, 905.0933653496749, 3395.5788902630434, 591.52852847517, 966.9565657256793, 3728.8235410112934, 2009.5810508660754, 3422.3326840037043, 520.807066004293, 3452.7127016304153, 2788.1443649854286, 480.6922092150028, 1776.5981537759178, 995.8393444727919, 3040.884739676925, 3341.8108863309426, 1899.0065824003875, 1252.1936751157946, 627.6854307692668, 1299.849991345155, 1654.6232199506933, 3498.036592147086, 393.58480661732864, 2213.9839656149275, 3751.7442610071384, 2611.83249845774, 1390.0089927766655], [365.3669388436781, 3340.1487990806636, 1130.9765691648965, 3222.4309146977844, 1697.963486062053, 2880.0368053203765, 220.5379785887229, 1332.7434111636044, 1921.1460121500395, 1297.126439480747, 3369.228546715108, 0.0, 2370.2888009691983, 1097.4160560152197, 692.3698433640795, 997.9343665792857, 632.0569594585602, 3296.316732354462, 2905.080033320941, 707.9562133352599, 259.2373429890069, 2378.292664917419, 544.6145425895272, 3430.3542091160207, 911.0576271564823, 1271.9610843103653, 2719.7562390773187, 706.8238818828917, 3548.541249584116, 2032.1048201310875, 1717.0559105631942, 116.21101496846157, 2065.209916691279, 3053.147392446031, 380.5916446797013, 511.825165461801, 3131.3647184574334, 2026.0009871665907, 2517.4719462190637, 562.7379496710703, 2539.4960129915544, 1766.237243407578, 2751.7908714144687, 1213.4154276256752, 795.2773101252167, 1178.4608606143863, 811.3796891714754, 1811.6302050915358, 641.8979669698292, 1087.5890768116421, 468.697130351787, 1072.8508750054689, 3261.319518231846, 902.6034566740813, 2681.2305010946, 596.3698516860154, 1469.944896926412, 195.143536915779, 435.0781538988139, 1363.4841399884342, 1182.4335076442987, 419.52949836692056, 178.84630272946657, 388.6142045782681, 1355.7083019587953, 2016.6519283207997, 2859.914684042166, 1971.3396460275433, 580.0362057665021, 3008.346555834284, 1212.5122679791739, 1470.2125696646726, 943.1887403908086, 293.73627627516487, 2472.788911330686, 68.6804193347711, 3334.719928269839, 3364.865524801846, 1229.2965468104105, 1359.7488738734075, 1353.6513583637407, 2861.6612308238023, 525.1152254505672, 592.4407143335103, 3262.2820233695306, 2755.5329792981975, 2511.637911801779, 356.1811336946414, 1337.9659935887757, 1853.3475119361722, 2594.44406376395, 2741.594426606532, 2359.2043150180953, 3012.0599263626877, 394.4172917101886, 3298.242562335281, 1161.269133319232, 403.11288741492746, 761.111030008106, 3513.4507254265], [2474.7270556568456, 1019.702407568012, 3108.3868806826476, 884.2171678948561, 984.5328841638557, 590.8104603000864, 2409.6373171081163, 1288.8708236281866, 566.2552428013361, 1140.688388649591, 1029.7232637946954, 2370.2888009691983, 0.0, 2034.0956221377598, 2151.6200872830686, 2423.1392861327636, 1759.6320638133416, 1489.236381505636, 1233.3097745497682, 2133.3628383376326, 2483.496124418156, 1134.003968247025, 2346.3307524728903, 1540.4950503003897, 1479.0351584732527, 2812.9802701050003, 585.7140940766237, 2597.926288407737, 1545.4112721214376, 609.1050812462494, 666.0825774631851, 2434.7394111074805, 1242.2226048498715, 804.9149023344021, 1997.605816971907, 2644.605830743024, 812.5429219432042, 1457.5681802234844, 973.5594486213978, 1819.6496915615378, 504.060512240346, 948.3000579985219, 1135.0506596623782, 2020.0698007742208, 1576.0675746934203, 3103.2313803517777, 2706.5258173533093, 1065.1877768731672, 1919.9802082313245, 1489.1262538817855, 2801.5584948381857, 1967.5634678454467, 1057.2085886900466, 1469.6679897174056, 577.4790039473297, 2125.672128998261, 904.734767763459, 2335.083724409041, 2682.652418782575, 1248.118584109699, 2296.57353463807, 2079.0853758323633, 2205.2321873217793, 2351.047851490905, 1098.6801172315807, 438.21455931997514, 737.5208471629802, 1537.3877194774257, 2806.621634634779, 649.5367580052725, 2329.1339592217532, 1894.7896980931682, 2398.272711765699, 2465.9817517572997, 334.7416914577567, 2391.2193542207706, 995.6003214141707, 1142.9142575014102, 2710.7867861563736, 1025.694886406284, 2420.711672215425, 590.8113065945844, 2425.0206184690473, 1805.5428546561834, 904.0912564558956, 1240.9742140753772, 654.548699486906, 2031.3586586321974, 2340.5712977818043, 934.1049191605833, 648.0563247125978, 437.90524089122295, 478.8319120526534, 1295.373305267636, 2538.410920241244, 931.1890248494126, 1209.059551883198, 2762.5880981427545, 1609.178983208518, 1460.1797834513393], [869.5084818447718, 3050.0098360497136, 1149.9608688994595, 2910.010481080781, 1077.8395056779093, 2374.833467845693, 935.6243904473632, 746.9062859556077, 1824.5547402037573, 1409.831550221515, 3051.86189071524, 1097.4160560152197, 2034.0956221377598, 0.0, 1580.1854321566188, 412.2923719886168, 1081.5035829806575, 2476.3460985896136, 2094.6656057710024, 1583.4910798612034, 968.7734513290504, 1549.2482047754647, 1553.6759636423549, 2627.8280004596954, 857.913748578492, 779.6415843193589, 2552.5931912468936, 1777.5696892105243, 2783.8658372845484, 1489.0372728713005, 1415.4027695324041, 1213.5934245042695, 1201.3134478561371, 2490.8827752425445, 890.1640298282109, 1608.4940161529978, 2620.658886616112, 1078.7817202752371, 1756.0071184365968, 838.4032442685321, 2397.934527880192, 1132.9695494584132, 1953.239616636935, 116.40017182117903, 934.8240476153788, 1124.2099448056845, 803.5602030961961, 1084.550598174193, 1351.2042776723288, 1492.6553520488244, 1236.781710731526, 73.60027173862879, 2641.093144892849, 953.6482580071124, 2108.13021419456, 1474.2228461124864, 1354.094531412043, 1245.61832035339, 1526.4812478376537, 1636.546669056523, 270.8966592632696, 1248.6588805594586, 1083.0770979020838, 1421.8948624986308, 976.6212162348307, 1598.3744867833695, 2710.895424025058, 996.7517243526595, 1104.7624178980745, 2567.63646180685, 308.41530441921975, 394.89365657098114, 407.0196555450363, 921.3821140004835, 2269.9473562177604, 1052.722660533153, 2830.393082241405, 2745.1327836736787, 677.1026510064778, 1330.4604466123749, 437.3213921133975, 2617.962757565508, 699.8114031651671, 1096.0656914619672, 2798.485661925035, 1918.807963293878, 2447.6921783590356, 868.2562985662702, 370.5199049983685, 1188.927668111059, 1974.321655657963, 2469.1605861101866, 1805.3345950266394, 2199.146425320515, 1487.3442775632009, 2859.3653141912455, 1118.1842424216145, 1413.2777504793598, 961.0078043387578, 2777.139895648039], [1050.4537114980365, 3019.56453814122, 1822.0395165857408, 2921.341643834216, 1766.354437818186, 2721.9147672181066, 903.8390343418456, 1483.2225052230026, 1616.3248435880703, 1012.87758391624, 3063.27879893424, 692.3698433640795, 2151.6200872830686, 1580.1854321566188, 0.0, 1612.089637706291, 568.5701363947987, 3338.7099304971075, 2961.417565963976, 22.135943621178654, 951.262319236918, 2489.299499859348, 237.71621736852538, 3452.2772194596423, 968.13325529082, 1936.7573415376537, 2366.386697055238, 449.17702523615344, 3535.090522179029, 1990.152255481977, 1582.241764080319, 640.4880951274582, 2234.7841059037446, 2920.7473358714205, 693.0699820364463, 568.9402429078119, 2959.791377783238, 2264.0512361693586, 2565.7297207617175, 760.9954007745382, 2186.1088719457684, 1828.5868860953806, 2809.182265357661, 1684.96439131514, 813.0498139720592, 1870.6945234324069, 1497.1790140126864, 1924.8075228448167, 279.6301128276424, 668.2828742381478, 1099.4275783333799, 1530.8954895746476, 3155.955164447049, 891.0965155357752, 2583.8972502791207, 108.00462953040486, 1282.127138781486, 505.0633623615952, 672.2001190121882, 941.7266057619908, 1744.0725328953495, 337.0534082308025, 571.1829829397931, 348.81083698761427, 1375.837563086573, 1897.629310481897, 2486.09734322693, 2237.735462470933, 1257.2294937679437, 2799.579432700562, 1780.3376084327376, 1883.7805073840211, 1556.1095719775005, 982.3894339822675, 2161.8133591963947, 760.1716911329966, 3147.2052681704763, 3253.5617406159668, 1881.6317386778956, 1151.3040432483506, 1930.812264307434, 2542.5359387823805, 1184.7877447036662, 532.0169170242616, 3052.5589265401577, 2842.5499116110523, 2116.0295366558566, 721.2828848655706, 1896.2576301758156, 1919.0166752792952, 2536.4802384406626, 2448.6118516416605, 2280.8535682941156, 3063.876139794166, 516.1133596410773, 3070.6513966909365, 1048.867007775533, 871.6444229156749, 765.4031617389622, 3479.6597534816533], [671.3046998196869, 3442.1425014080983, 740.0168916991017, 3303.9400720957397, 1483.4948601191713, 2783.2062446035147, 789.2401408950257, 1135.5527288505805, 2168.558276828179, 1685.9092502267138, 3447.1626013288087, 997.9343665792857, 2423.1392861327636, 412.2923719886168, 1612.089637706291, 0.0, 1216.1632291760839, 2875.306766242517, 2497.351597192514, 1620.8630417157399, 790.5371591519275, 1953.9378188673252, 1524.8999967210964, 3028.5344640601334, 1118.2776935985087, 408.79579254194874, 2922.9651041365514, 1704.547153938547, 3188.5350868384685, 1894.0097676622472, 1785.7911412032483, 1105.4845091632899, 1605.5706150773935, 2902.2067465981813, 940.17711097431, 1492.5655764488206, 3030.1541214928325, 1468.2850540681807, 2165.5101015696046, 968.9112446452461, 2761.9675957548816, 1540.6573272470423, 2358.2942988524564, 480.7514950574777, 1146.11212365981, 712.0653059937691, 429.83950493178264, 1496.565735275267, 1435.2198437870068, 1690.3801347625924, 977.4343967755585, 466.4011149214804, 3053.378784232313, 1198.0818002123228, 2518.9620878449123, 1504.3703001588406, 1683.6867285810624, 1181.397477566293, 1382.3530663329104, 1882.3187827783051, 252.17850820401011, 1277.0497249520083, 1052.0232887156064, 1374.8781764214602, 1340.4364960713358, 1991.414572609129, 3080.0384737856766, 1379.6887330119066, 801.1772587885904, 2972.317950691009, 261.5205536855564, 751.3880488802041, 56.0357029044876, 741.3568641349455, 2642.497303688312, 936.6803083229624, 3240.104936572271, 3157.4016215869656, 316.4127051810657, 1637.928569871104, 371.7324306540929, 3000.781564859395, 485.4739951840881, 1214.7069605464521, 3205.786175027898, 2319.081068009482, 2798.2097848445887, 903.3327183269739, 382.4264635194589, 1599.2660816762168, 2386.251663173857, 2854.5649405820145, 2213.87714202934, 2600.8191017446793, 1386.2041696662147, 3265.1378225122444, 1412.1561528386299, 1215.7405150771278, 1157.1244531164311, 3184.510166414923], [854.4196861027957, 2712.973645282976, 1633.8629073456561, 2597.9008834056776, 1221.6513414227481, 2293.438466582437, 738.7563874512355, 917.7673997260962, 1290.9105313692348, 665.0751837198559, 2744.2975421772326, 632.0569594585602, 1759.6320638133416, 1081.5035829806575, 568.5701363947987, 1216.1632291760839, 0.0, 2816.693096522942, 2432.5135148648196, 563.2139913034831, 811.8152499183543, 1941.2624758130983, 662.2816621347748, 2938.348175421014, 404.46755123248147, 1596.316071459534, 2088.3127160461386, 931.8411881860557, 3035.84798697168, 1490.5924996456945, 1125.5918443201338, 680.0683789149441, 1673.2782195438988, 2478.041363658, 321.4747268448952, 907.3791930609826, 2541.300651241407, 1696.0424522988803, 2036.694626103776, 250.05999280172747, 1907.8217946129037, 1286.6335919755866, 2278.939446321468, 1174.5829046942579, 249.0020080240318, 1662.0475324129573, 1244.863446326544, 1371.0215169719256, 295.2371927789587, 500.79337056314955, 1094.5140474201326, 1022.0591959372999, 2699.3734458203444, 341.2228011138763, 2118.962246006285, 482.8881858153086, 854.9023336030848, 575.4624227523461, 927.1639552959336, 752.1735172152765, 1288.5127085131912, 337.0949421157191, 456.2477397204286, 616.000811687777, 837.6138728555061, 1437.0501035106604, 2227.9138223908035, 1669.1758445412515, 1162.8456475388296, 2405.0049895998136, 1327.798930561401, 1342.2611519372822, 1163.4126525012525, 814.2954009448905, 1844.3408036477424, 668.8385455399532, 2740.041058086539, 2800.7841759050266, 1520.6978661127923, 737.0108547368892, 1478.681845428556, 2233.4898701359716, 905.1154622477732, 47.43416490252569, 2659.94360842481, 2303.364929836347, 1880.2130198464215, 366.001366117669, 1430.277245851307, 1377.4196891289162, 2050.928570184735, 2116.7682915236614, 1802.9245685829455, 2537.1064226791905, 791.0606803526516, 2690.716633166711, 561.1007039738945, 1007.5574425311938, 200.94277792446286, 2989.090831674407], [3242.2536914930024, 1746.0864812488526, 3612.202098443552, 1632.514931019009, 1604.618334682737, 1027.1767131316792, 3240.891389725981, 1963.7700985604197, 1994.2642753657299, 2386.5801893085427, 1678.9714113111038, 3296.316732354462, 1489.236381505636, 2476.3460985896136, 3338.7099304971075, 2875.306766242517, 2816.693096522942, 0.0, 391.7371567773473, 3325.6160331583683, 3302.0823732911326, 934.2483609833095, 3476.9056645241326, 159.65587994182988, 2425.94517662704, 3153.1623808487884, 1876.8340363495117, 3746.2482565895175, 356.79265687511, 1355.2837341309753, 1789.6985779733973, 3393.944755001177, 1277.517905941048, 863.0370791570892, 2927.339064748052, 3710.119270320026, 1023.8754807104231, 1410.5034562169637, 781.8522878395893, 2752.753167285436, 1905.883522149242, 1537.1720788512912, 544.5410911951457, 2394.7269155375525, 2574.0928499182, 3575.680354841579, 3279.529996813568, 1485.5638660118252, 3066.429356760074, 2751.1383098637552, 3619.6498449435685, 2442.437511994933, 705.5388012008979, 2475.602754886171, 912.0619496503514, 3278.5602022839234, 2092.331235727269, 3340.2426558560082, 3699.1632837710745, 2585.0193422874036, 2651.1176888248474, 3151.571195451564, 3174.4155367563335, 3427.2556076254364, 1979.3567136825034, 1496.2810564863807, 1959.2529188443232, 1504.8308875086263, 3539.3742384777565, 1208.2189371136342, 2664.8395824139207, 2132.405449252088, 2879.996006941676, 3266.3773511338213, 1760.675154592692, 3288.4988976735267, 1097.663427467637, 736.4835368153181, 3057.7786054585445, 2219.7623746698655, 2674.0119670637228, 1713.3630671868702, 3116.3905403527333, 2863.0211316020705, 1198.2804346228806, 557.8548198232224, 2080.953867821197, 2943.5986479138082, 2603.172871708677, 1447.6315138874256, 867.4399114636126, 1618.800790708974, 1115.7172580900592, 284.52943608702424, 3586.3944289494984, 1286.2301504785214, 2289.8668083537086, 3694.2858579162494, 2620.511782076165, 415.74030355499576], [2851.4040401177804, 1714.029171280349, 3236.178301639142, 1582.101450602963, 1216.056742097177, 900.1877581927006, 2849.225333314303, 1572.394670558254, 1687.0044457558492, 2027.764532681248, 1660.2605217254309, 2905.080033320941, 1233.3097745497682, 2094.6656057710024, 2961.417565963976, 2497.351597192514, 2432.5135148648196, 391.7371567773473, 0.0, 2948.936757544997, 2910.560427134266, 546.6278441499298, 3093.901258928604, 535.0140185079266, 2038.9507105371626, 2787.9779410892047, 1704.001173708516, 3363.4592312082514, 693.0461745078751, 993.3579415296382, 1434.793713395762, 3003.1804807570256, 893.4304673560221, 809.9117235847374, 2536.9588092832723, 3322.283702515485, 993.7932380530671, 1042.3483103070682, 396.1073086929854, 2363.1098154762085, 1698.458713068999, 1149.0674479768365, 153.95129099815955, 2016.6588705083466, 2188.3838785734097, 3201.959400117372, 2896.638223872633, 1093.9552093207474, 2687.1376965090567, 2388.700902164187, 3228.4796731588694, 2058.3889331222126, 768.6410085338929, 2091.2926624458855, 687.4190861475989, 2898.4176717650616, 1732.8969963618727, 2950.9376475960994, 3309.3813621279733, 2238.5068684281496, 2278.4058023100274, 2766.2525192035523, 2784.4037063615615, 3040.9098967249915, 1594.9373028429675, 1158.345803290192, 1811.1813824131475, 1140.3236382711707, 3150.1498377061366, 1124.8897723777206, 2294.007846542814, 1761.0, 2499.975399878967, 2875.025739015218, 1539.3716250470516, 2896.9206064371183, 1134.0057319079124, 844.4228798416111, 2690.859342291975, 1857.570725436854, 2311.5522922919135, 1574.2061491431166, 2727.196362567243, 2478.5302096202095, 1198.3029666991565, 185.9247159470736, 1867.5398255458972, 2552.768105410282, 2238.558688084813, 1058.9962228450108, 585.2606257044805, 1454.3651535979538, 800.1931016948347, 107.2240644631605, 3198.097715830459, 1288.3578695378083, 1913.792047219342, 3302.733716181188, 2235.1465276352687, 703.4841860340572], [1064.592410267892, 2999.083193244229, 1838.2605908847636, 2901.182689869771, 1755.7773207328999, 2704.487012355578, 918.1007569978362, 1475.8702517497939, 1596.923291833393, 995.2532341067774, 3043.0019717377772, 707.9562133352599, 2133.3628383376326, 1583.4910798612034, 22.135943621178654, 1620.8630417157399, 563.2139913034831, 3325.6160331583683, 2948.936757544997, 0.0, 966.5412562327591, 2478.7517019661327, 259.83263844251746, 3438.597970103513, 960.8100748847297, 1948.2671788027433, 2345.651295482771, 468.9840082561451, 3520.494425503327, 1976.1710452286259, 1566.6719503457002, 658.3167930411619, 2226.2636860893185, 2903.7487838998745, 698.0916845228855, 591.0744453958401, 2941.952582894565, 2257.570818379791, 2553.379133618821, 760.8758111544879, 2165.4509922877496, 1817.7018457381837, 2796.850550172461, 1687.5796277509396, 806.0893250750812, 1886.4156487900539, 1511.0013236261575, 1915.1715327875986, 271.4498111990502, 648.8204682344724, 1118.5405669889672, 1533.4356849897554, 3139.4185767431522, 882.302102456976, 2567.9075139108886, 117.08543888972702, 1266.0015797778453, 522.0737495795015, 694.0871703179652, 921.2258137937733, 1750.1705631166353, 344.32687957811254, 583.2495177880561, 369.0541965619684, 1365.0395598663065, 1881.8791140772034, 2465.0456385227435, 2232.188612102481, 1274.7956699016513, 2781.0855794095946, 1786.644900364927, 1883.8325297117044, 1564.9194867468423, 997.0160480152764, 2141.833093403872, 775.5056415010789, 3128.962927233239, 3236.8469225466933, 1892.2748214781066, 1135.0898642838813, 1937.3161848288987, 2522.2357145992523, 1196.8441836763882, 527.8825626974242, 3033.9297948370527, 2830.989226401259, 2094.8310194380833, 727.332798655471, 1901.956098336657, 1908.0421903092185, 2521.458704797681, 2428.774588141106, 2265.592417007084, 3051.2018943360663, 537.8187427005496, 3051.683142136483, 1035.7779684855243, 892.6018149208526, 758.6329810916475, 3464.601853027271], [120.61923561356207, 3475.218842029952, 874.9537130614397, 3351.9607694601677, 1728.5751357693423, 2964.326567704712, 75.0, 1349.984073980134, 2071.5602815269463, 1463.8363979625592, 3499.1000271498383, 259.2373429890069, 2483.496124418156, 968.7734513290504, 951.262319236918, 790.5371591519275, 811.8152499183543, 3302.0823732911326, 2910.560427134266, 966.5412562327591, 0.0, 2371.957841109323, 798.6344595620702, 3442.3924819811004, 1004.5028621163805, 1026.3045357007832, 2871.8039626687614, 933.1345026307837, 3572.6299836395037, 2092.1075498166915, 1819.6991509587513, 338.71079108879894, 2043.1524661659491, 3126.0878106668724, 504.33520598903266, 705.844883809467, 3217.224424873092, 1976.6324898675525, 2532.5167324225126, 669.3414674140547, 2693.798062216246, 1796.4258960502657, 2759.2181863709147, 1084.2771785848856, 919.4617990977113, 920.435766362868, 555.2089696681782, 1820.320850839214, 880.366400994495, 1297.789659382444, 324.7845439672276, 960.287977640041, 3322.1193536656688, 1021.1997845671532, 2746.984710550825, 853.8998770347728, 1600.0356246034023, 452.55386419740137, 591.8183843038336, 1562.5277597534068, 1002.0843277888343, 664.0368965652435, 405.77087130546965, 642.1253771655502, 1422.1030201782148, 2104.258776861819, 3017.0270134687225, 1911.3973945781133, 351.2292698509052, 3108.6210769407066, 1027.