{"TourSize": 105, "DistanceMatrix": [[0.0, 31.0, 309.2604080706096, 1210.0103305344132, 1150.7945081551268, 150.0133327407934, 181.01104938649465, 598.2056502575014, 696.6498403071661, 299.0066888883926, 331.0060422409235, 488.2591524999813, 1275.113328296744, 1227.0961657506716, 472.8858213141942, 763.4664367213531, 845.9934987929872, 818.8491924646443, 715.0174823037546, 624.2387363821633, 579.3668958440757, 610.1450647182193, 660.7056833416827, 746.7402493504686, 846.6906164591645, 870.175269701455, 773.2664482570028, 690.5447125277262, 641.938470571752, 716.6603100493287, 757.2502888741608, 786.6409600319577, 849.3680003390756, 1461.4903352400247, 1428.4005040603984, 1084.2149233431535, 1146.6865308356944, 1654.6845620842662, 1631.3764127263823, 1220.3790394791283, 1356.531238121703, 1408.7075636909174, 1423.8293437066116, 1366.7574766578011, 1317.4980075886263, 1481.530627425569, 1426.768726879027, 1379.653579707602, 1357.8365144596753, 1441.8824501324648, 1487.0272357963051, 1539.6473622229214, 1598.1342246507331, 1547.5041195421743, 1504.1755216729196, 1566.5251354510722, 1608.174741749167, 1656.9520210313876, 1673.166160308055, 2123.0942042217534, 2114.843729451422, 1932.6098933825212, 1972.076316981673, 2045.9660309985597, 2382.236344278208, 2379.019335776824, 2130.2187681081023, 2160.2252197398307, 2228.2571664868487, 2263.6576596296536, 2182.1553565225367, 2226.4107886910715, 2253.4404806872535, 2288.505625948951, 2326.2400993878514, 2291.75238627562, 2265.1799045550442, 2269.111059423932, 2296.001959929477, 2322.2217809675285, 2356.263567600195, 2300.0960849494963, 2340.580483555308, 2343.741026649489, 2418.042596812554, 2451.303734750143, 2743.765660547562, 2744.84607947331, 2627.1600636428684, 2658.48565916764, 2693.000742666069, 2724.0007342142917, 2756.265770929937, 3022.583166763158, 3026.7099299404294, 2843.00070348215, 2874.00069589414, 2927.858773916529, 2956.8302284710226, 3189.3939863240475, 2992.000668449123, 3024.000661375589, 563.0719314616916, 1141.842808796377, 1742.8396369144236], [31.0, 0.0, 302.82833420933383, 1207.5868498787158, 1147.3818021914065, 119.01680553602503, 150.0133327407934, 587.8817908389407, 687.4896362855225, 268.00746258266764, 300.00666659259423, 464.1400650665702, 1265.3145853897363, 1216.0953909952952, 442.43869631848435, 742.6991315465502, 827.0006045947003, 797.3863555391451, 690.3339771443964, 595.8061765373031, 548.6137074481461, 579.3668958440757, 632.0007911387453, 721.466561941716, 824.4865068635144, 847.4160725405201, 747.5627063999381, 661.6350958043263, 611.1382822242442, 686.3679771084895, 726.6450302589291, 755.913354823157, 820.4248899198512, 1444.1748509096813, 1409.9975177283115, 1057.7736052672142, 1121.49765938231, 1633.5954211493126, 1609.3849756972381, 1189.5713513698959, 1328.3470931951483, 1381.4087012900998, 1395.6048867784893, 1337.329054496312, 1286.943666210763, 1453.0829294985197, 1397.2064986965956, 1349.0593018840943, 1326.9261471536388, 1411.2533436630008, 1457.3472475700498, 1511.0013236261575, 1569.311313920855, 1517.7200005271065, 1473.5158635046994, 1535.8385331798393, 1578.2981340671984, 1627.9708228343652, 1642.2448051371634, 2097.6448698480876, 2088.8190443406056, 1902.956121406902, 1942.8973210131307, 2015.3039472992652, 2355.5468579503995, 2351.8715951343943, 2099.281067413318, 2129.2721761202815, 2198.2622682473534, 2234.0270813040743, 2151.1720061399087, 2195.6001457460325, 2223.0044984209994, 2258.542228960973, 2296.242583003808, 2261.2974152021666, 2234.3627726938166, 2238.126448617236, 2265.1799045550442, 2291.75238627562, 2326.2400993878514, 2269.111059423932, 2309.601697262972, 2312.804574537157, 2387.0561367508726, 2420.538163301707, 2715.9493736076893, 2716.6871369371925, 2596.878318289095, 2628.4704677815957, 2662.0007513146948, 2693.000742666069, 2725.450788401801, 2994.1786853826875, 2998.0240159144823, 2812.0007112374633, 2843.00070348215, 2897.4350726116368, 2926.622968542412, 3160.7133688457106, 2961.000675447407, 2993.000668225786, 533.2400960167943, 1111.9541357448156, 1712.3075074296673], [309.2604080706096, 302.82833420933383, 0.0, 906.5301980629217, 845.3508147508938, 309.2604080706096, 317.81283800375337, 292.4995726492605, 388.4906691286163, 372.8283787481849, 392.56209699867867, 307.0, 966.9953464210673, 920.6242447383188, 440.8684611082993, 511.93847286563647, 576.7538469745997, 571.5522723251129, 511.75384707884706, 499.1512796738079, 545.8937625582472, 574.2064088809876, 537.8196723809942, 549.6371530382567, 605.707024889096, 634.1490361105975, 580.8313008094519, 569.6613028809312, 603.7093671627101, 639.8312277468176, 693.0526675513197, 728.1552032362331, 716.0, 1174.8787171448805, 1147.819672248215, 888.8756943465155, 931.2400335037149, 1390.633308963941, 1374.7890747311021, 1145.9410979627182, 1185.853700926046, 1219.9463102940226, 1252.6196549631495, 1226.48929877109, 1222.5551112322094, 1314.0566958849226, 1289.1722150279224, 1285.4298891810474, 1290.1294508691753, 1348.3163575363164, 1351.884610460523, 1375.6351260417857, 1437.3367733415853, 1414.622564502631, 1411.2129534552892, 1474.1183805922778, 1477.382821072453, 1499.1464238025583, 1600.269039880482, 1899.0516054072887, 1898.4335648107362, 1789.9835194772045, 1815.4572426802015, 1945.0, 2173.801278866125, 2177.7770776642865, 2053.6392088193097, 2085.8679248696453, 2094.2024734967727, 2117.17736621191, 2114.3292080468455, 2134.708645225385, 2137.7165387394093, 2152.814901472024, 2191.4800934528243, 2176.649948889348, 2173.6959308974197, 2200.841884370615, 2204.6861454637938, 2207.598695415451, 2222.2223111111093, 2231.677396040924, 2270.0151981870076, 2264.9724060129297, 2349.090887981987, 2354.0, 2552.2209935661917, 2559.7925697212263, 2501.548320540701, 2522.114192498032, 2631.2728858862206, 2662.071749596543, 2661.0, 2841.3174761015357, 2851.4601522728667, 2780.34116611613, 2811.1609701331586, 2807.066974619594, 2826.2790025048835, 3013.421975097414, 2928.5098599799867, 2960.342209948032, 487.64331226830126, 1023.0, 1638.0], [1210.0103305344132, 1207.5868498787158, 906.5301980629217, 0.0, 70.66116330771806, 1207.6626184493748, 1209.0864319807745, 654.15976641796, 555.0099098214373, 1221.707821043968, 1227.065605418064, 947.10717450561, 307.0, 344.80429231667057, 1173.9616688802066, 765.1248264172324, 686.0466456444489, 776.6009271176541, 908.0886520599187, 1068.489120206659, 1225.6349374915844, 1237.7285647507695, 1085.1437692766797, 928.663555869401, 800.5623023850173, 821.0846484985576, 946.4121723646626, 1100.3713009707224, 1250.8956791035773, 1210.130984645877, 1260.4019200239263, 1290.5460084785818, 1135.808522595248, 717.0, 750.6483863967204, 1043.1092943694825, 989.8813060160294, 1024.0, 1056.8793687077064, 1537.4166644081884, 1298.149452104803, 1257.7328810204494, 1341.8662377450296, 1422.0130097857755, 1544.0032383385728, 1397.99427752763, 1475.094573239289, 1593.0251096577229, 1662.5718029607021, 1643.000304321335, 1528.929363966825, 1454.6851893107319, 1511.8756562627761, 1583.440557772852, 1693.84444386136, 1745.4815954343374, 1638.5606488622873, 1569.5110703655455, 1900.539397118618, 1638.0, 1671.1879008657286, 1856.048490745864, 1830.6938575305267, 2117.600528900576, 1945.0, 1978.0035389250445, 2282.826537431173, 2317.7096453179806, 2146.5146167683088, 2125.784796257608, 2361.1431553381085, 2312.1699764506934, 2242.991083352763, 2193.0556308493406, 2230.4815623537443, 2279.5973328638547, 2347.6978084923962, 2437.810493044937, 2376.015572339542, 2308.750527882993, 2260.2683469004296, 2465.294505733544, 2494.1134697523285, 2466.490827065854, 2570.642915692493, 2493.424352171126, 2355.0, 2386.83158182558, 2540.5048710836986, 2524.313966209433, 2851.0941759261477, 2879.2090927891986, 2781.6786298923894, 2662.0, 2693.7368097124854, 2987.664305105244, 3016.0479107600395, 2838.487625479456, 2824.87521848311, 2843.0, 3124.543646678663, 3154.0838606479697, 1141.3259832317847, 1343.4656675925887, 1844.7994470944532], [1150.7945081551268, 1147.3818021914065, 845.3508147508938, 70.66116330771806, 0.0, 1144.0279716860073, 1144.664579691361, 587.3074152434992, 487.2832851637741, 1154.722910485455, 1159.507222918426, 877.6018459415409, 282.1240861748603, 307.0, 1104.2938920414258, 694.8186813838557, 616.7308975558141, 707.0855676649044, 837.6025310372456, 997.8426729700429, 1155.2185940331813, 1167.191929375799, 1014.4890339476322, 858.4130707299371, 731.6180697604455, 752.6599497781186, 876.415997115525, 1029.7669639292183, 1180.2783569988903, 1139.5306051177388, 1189.8789854434779, 1220.0999959019753, 1066.3292174558474, 687.8909797344344, 716.0, 979.4171736292967, 929.1856649776728, 993.9984909445285, 1023.0, 1470.7498087710228, 1239.6471272099975, 1202.399683965361, 1284.963034487763, 1361.1531875582557, 1479.4367171325714, 1341.9690756496589, 1415.0932831442597, 1529.2102536930622, 1597.0422661908483, 1579.9281629238717, 1469.7544012521275, 1399.489192527045, 1457.462520958944, 1525.059015251541, 1631.5023751131962, 1683.8542098412202, 1580.9395940389372, 1515.8370624839597, 1838.560578278562, 1607.2352036960863, 1638.0, 1804.7584325886942, 1782.1383223532341, 2062.176762549709, 1914.0370947293577, 1945.0, 2225.3808662788488, 2260.265692346809, 2097.6448698480876, 2079.3965470780217, 2303.163476612114, 2257.3092388948394, 2191.604435111409, 2145.1158476874857, 2182.7920194100034, 2228.494783480545, 2293.1428215442666, 2380.5287227840795, 2321.698731532582, 2257.868463839291, 2212.7724690984387, 2408.2545546515635, 2437.6105103153786, 2410.9869348463917, 2514.4912010186076, 2441.1738979433644, 2323.854126230818, 2354.0, 2494.095828150955, 2480.0907241470018, 2795.7712710448973, 2824.0856927508416, 2731.3463712974963, 2630.754454524405, 2661.0, 2933.2809275621726, 2961.850772743286, 2793.512663296875, 2781.898811962793, 2811.705887890837, 3071.031748451976, 3100.751521808866, 1070.910827286754, 1277.5950062519812, 1786.4137258765115], [150.0133327407934, 119.01680553602503, 309.2604080706096, 1207.6626184493748, 1144.0279716860073, 0.0, 31.0, 564.5263501378832, 666.6850830789601, 149.0, 181.0, 382.48790830560904, 1236.1787896578714, 1182.4284333523108, 327.0611563607027, 672.0275291980232, 763.1860847788041, 723.0836742729018, 602.4566374437251, 490.5609034564414, 431.223839786253, 461.8062364238924, 525.1780650408011, 630.5751343020116, 746.6732886611118, 766.968708618546, 654.480710181744, 553.6533211315543, 493.42983290433506, 571.3160246308518, 609.9213063994404, 638.5264285838136, 711.7766503616145, 1383.8995628296152, 1345.362404707371, 959.9802081293135, 1029.0471320595573, 1557.274863343013, 1529.3662085975354, 1071.6645930513894, 1222.3407871784366, 1279.2204657524833, 1289.3509995342617, 1225.7773044072892, 1170.249973296304, 1345.7967900095466, 1285.0186769070713, 1232.1639501300142, 1208.4833470097965, 1294.182753709846, 1344.601799790555, 1402.8007698885826, 1460.297572414609, 1404.483178966555, 1356.2920039578498, 1418.479820089098, 1464.626232183488, 1518.2312076887367, 1523.7325880875555, 2002.6115449582328, 1991.390468993964, 1790.1734552830349, 1832.1662042511318, 1898.0192306718075, 2255.18824048016, 2249.6010757465424, 1980.6746325431645, 2010.5842434476601, 2083.931380828073, 2121.271788338307, 2032.3114918732315, 2077.6152194282754, 2106.7268451320406, 2144.3399916990775, 2181.8865690039893, 2144.9319336519748, 2116.345907454639, 2119.257653047406, 2147.138793837045, 2175.3202063144636, 2211.7671667695945, 2150.239521541728, 2190.76813013153, 2194.2019050215044, 2268.175037337286, 2302.757043198435, 2610.7611916833757, 2610.067432079102, 2481.251700251307, 2513.9996022274945, 2543.0, 2574.0, 2607.4318783047815, 2886.4741467749195, 2889.142606379962, 2693.0, 2724.0, 2781.1682796982996, 2811.297387328491, 3051.8286321482733, 2842.0, 2874.0, 421.0106887004177, 998.4513007653403, 1595.6472041149948], [181.01104938649465, 150.0133327407934, 317.81283800375337, 1209.0864319807745, 1144.664579691361, 31.0, 0.0, 561.9119148051587, 664.1460682711296, 118.0, 150.0, 364.1785276481852, 1229.8556825904411, 1174.97234009997, 297.3213749463701, 655.470823149284, 748.3167778421115, 705.3091520744645, 581.0034423305941, 463.96228294981046, 400.7056276120913, 431.223839786253, 498.00100401505216, 608.1266315497127, 727.8145368155269, 747.2951224248691, 631.3113336540063, 526.061783443732, 462.7936905360746, 541.480378222517, 579.5593153422693, 607.9613474555763, 683.8106463049548, 1369.0014609196003, 1329.3099713761271, 935.0, 1005.5371698748883, 1537.874507233929, 1508.970509983545, 1040.9226676367462, 1194.8832578959336, 1252.812036979211, 1261.803867484959, 1196.7677301799208, 1139.82805720863, 1317.9476469116669, 1255.8224396784763, 1201.684234730572, 1177.6013756785444, 1263.6534335014487, 1315.2433234956945, 1374.6857822789905, 1431.9476247405141, 1374.9829089846899, 1325.719804483587, 1387.8703109440737, 1435.0013937275462, 1489.672782862062, 1492.8308678480628, 1977.963093690072, 1966.096894865561, 1760.761766963379, 1803.3019713847152, 1867.4180035546408, 2229.0637047872815, 2222.964687078947, 1949.748958199491, 1979.6403713806203, 2054.0927437679147, 2091.8472697594343, 2001.331806572813, 2046.8365836089602, 2076.3797822171164, 2114.5328089202117, 2152.0376390760457, 2114.5614202477072, 2085.559157636148, 2088.276322712107, 2116.345907454639, 2144.9319336519748, 2181.8865690039893, 2119.257653047406, 2159.793508648454, 2163.2764502023315, 2237.1913194896856, 2272.0266283650813, 2583.3127956172866, 2582.239531879256, 2451.064462636591, 2484.110504788384, 2512.0, 2543.0, 2576.641612642317, 2858.3439261222575, 2860.702710873676, 2662.0, 2693.0, 2750.8126072126397, 2781.1814036484566, 3023.3810543826594, 2811.0, 2843.0, 392.23079940259663, 968.9385945455987, 1565.2146817609398], [598.2056502575014, 587.8817908389407, 292.4995726492605, 654.15976641796, 587.3074152434992, 564.5263501378832, 561.9119148051587, 0.0, 102.23991392797629, 567.5535217052221, 573.2756753953546, 312.2963336320169, 677.4452007358234, 628.9554833213556, 535.9412281211439, 307.0, 331.1027030998086, 362.7947077894053, 386.00518131237567, 480.52055106935853, 607.6084265380131, 626.5724219912651, 509.92744581950086, 422.7966414246925, 401.7175624739352, 433.66461695646785, 453.2604108015612, 535.4568143183911, 647.1236357914923, 637.3727323944757, 693.3296474260999, 728.2430912820251, 637.4354869318149, 891.2418302570857, 869.433148666417, 716.0, 731.1497794569865, 1124.969777371819, 1116.3301482984323, 1086.5656906050365, 1023.0, 1036.0333006231026, 1086.2651609989157, 1094.2358063964093, 1137.6805351239864, 1149.2506254077045, 1156.7873616183745, 1197.9657758049684, 1229.1175696409193, 1258.516984390755, 1219.3850909372313, 1212.2376004727787, 1275.2258623475293, 1282.0222306964884, 1319.2975403600205, 1380.277146083351, 1344.6932735757996, 1338.2152293259855, 1521.3208077193974, 1665.3951483056505, 1671.9383959943023, 1637.0, 1648.159276283697, 1829.5685283694622, 1951.993852449336, 1962.5913991455277, 1959.6412937065804, 1993.3933380043186, 1944.0, 1954.663142334249, 2027.6015387644586, 2024.6542914779302, 2004.483973495423, 2000.1439948163732, 2039.1412408168296, 2043.398394831512, 2063.1883093891356, 2112.14795883243, 2093.8302223437313, 2074.332663774063, 2070.139125759426, 2142.3211710665605, 2177.9818640199924, 2165.1734341617994, 2257.3790111543076, 2235.1733713517615, 2342.823083376122, 2356.263567600195, 2354.0, 2364.2013450634868, 2542.66022110702, 2572.905361648578, 2540.3403315304035, 2639.2796365675235, 2654.804889252692, 2689.167343249579, 2719.49296744816, 2661.0, 2670.948333457613, 2815.1227326708154, 2835.059435003083, 2866.4336727020213, 526.3078946776307, 926.2402496112982, 1526.307963682297], [696.6498403071661, 687.4896362855225, 388.4906691286163, 555.0099098214373, 487.2832851637741, 666.6850830789601, 664.1460682711296, 102.23991392797629, 0.0, 667.6900478515462, 672.2276400148985, 398.24615503479754, 578.5715167548434, 532.7307011990205, 625.0199996800102, 316.86590223626143, 308.0, 363.46801785026423, 426.28746169691647, 548.405871595117, 688.5673532778039, 705.050352811769, 573.6941693969009, 459.2733390912214, 401.6466108409232, 433.0819783828461, 487.00308007239545, 596.124986894527, 723.0656954938465, 702.4991103197214, 757.3856349311096, 791.2528041024563, 679.4622874008535, 815.0981535986939, 799.0025031249902, 716.2995183580679, 717.0, 1063.6409168511711, 1060.3706899004706, 1124.1788113996813, 1021.1072421641128, 1024.0, 1081.8156035110605, 1104.5075825905406, 1165.6423122038768, 1144.660648401962, 1166.1303529194324, 1224.191569975876, 1264.2930831100832, 1283.1624994520375, 1227.892910640012, 1207.5218424525497, 1270.3967884090387, 1289.7751742067296, 1342.499534450571, 1402.1561967198948, 1351.7607036750255, 1333.2835407369282, 1547.4010469170557, 1621.9494443415922, 1632.4708266918585, 1633.1882928799116, 1638.0, 1839.9619561284412, 1913.9386092557932, 1927.9652486494667, 1977.51485455862, 2011.6704501483339, 1939.683737107676, 1945.0, 2047.8332451642639, 2036.1576559785344, 2006.9242636432498, 1994.5257581690942, 2033.4964961858184, 2045.65881808282, 2074.346403087006, 2131.2916271594554, 2104.7227845965845, 2076.45491162221, 2064.4740250242917, 2161.0971750478966, 2195.6288393077734, 2179.978210900283, 2274.8426319198434, 2242.4123171263577, 2309.96991322398, 2326.2710504152346, 2349.2154009370875, 2355.0, 2560.3316191462386, 2590.2866636725753, 2545.868024859105, 2609.3370805628006, 2627.403661411775, 2705.494039912119, 2735.5593577913824, 2655.959337038126, 2662.0, 2786.615330468129, 2850.1847308551773, 2881.3165393618247, 605.3701347109882, 953.3981329958644, 1540.1470708993995], [299.0066888883926, 268.00746258266764, 372.8283787481849, 1221.707821043968, 1154.722910485455, 149.0, 118.0, 567.5535217052221, 667.6900478515462, 0.0, 32.0, 313.3209217399949, 1212.7543032288115, 1153.7920089860218, 187.88294228055935, 602.9610269329188, 701.4342449581429, 646.839238141905, 508.43386983952985, 369.0541965619684, 285.49080545614777, 315.55982000248383, 399.67611887627214, 530.6166224309223, 664.417037710503, 680.1720370612129, 550.2163210956214, 425.3527947480773, 346.77081768799405, 429.424032862624, 464.7590773723521, 492.1148239994402, 580.1870388073143, 1317.4342488336943, 1273.2701991329257, 843.5763154569953, 920.1157535875582, 1467.6763948500363, 1434.8142736953798, 924.0627684308031, 1092.1034749509774, 1154.3803532631696, 1158.5443452885177, 1087.3495298201035, 1024.3456447898825, 1213.3400182966027, 1145.5557603189816, 1085.9341600668063, 1060.1136731501956, 1147.6759124421842, 1204.2445764876834, 1268.8975529963009, 1325.1211265390043, 1263.3487246204033, 1209.547436027211, 1271.529787303467, 1322.8125339593664, 1381.92944827151, 1375.245432641025, 1885.8552436494165, 1871.389056289472, 1649.3398679471736, 1694.122191578872, 1751.064247821878, 2130.817918077469, 2122.658710202844, 1832.054857257282, 1861.8711018757447, 1940.8464648188944, 1980.2840705312963, 1883.4152489560022, 1929.7440244757852, 1961.0520135886247, 2001.4047566646782, 2038.733430343457, 1999.1343126463514, 1968.4321171937831, 1970.3527602944605, 1999.1928371220222, 2029.429722853196, 2068.4489357970624, 2001.331806572813, 2041.8971570576223, 2045.5808466056774, 2119.257653047406, 2155.123430339896, 2479.597749636017, 2477.0032297112575, 2336.3529271066905, 2370.6001349869193, 2394.0, 2425.0, 2459.4881581337204, 2751.831753577969, 2752.9533232512317, 2544.0, 2575.0, 2635.402436061711, 2666.7317075401493, 2915.572842513114, 2693.0, 2725.0, 286.9442454554543, 857.5604934930246, 1449.5947709618713], [331.0060422409235, 300.00666659259423, 392.56209699867867, 1227.065605418064, 1159.507222918426, 181.0, 150.0, 573.2756753953546, 672.2276400148985, 32.0, 0.0, 305.9836596944353, 1210.0599158719374, 1150.0695631134665, 160.31219541881399, 591.9814186273079, 691.6487547881511, 633.8461958551144, 491.7977226462115, 345.77593901253454, 254.68608128439215, 284.5241641759097, 374.97333238511777, 512.2675082415436, 649.8569073265284, 664.417037710503, 530.6166224309223, 399.67611887627214, 315.55982000248383, 399.62607522532863, 433.92280419447883, 460.8871879321446, 553.0795602804357, 1304.938695878086, 1259.5495226468865, 819.9542670173746, 898.2232461921702, 1449.7096260975852, 1415.730200285351, 892.4236662034463, 1064.7750936230618, 1128.3341703591184, 1131.038902956039, 1057.994801499516, 993.1304043276492, 1185.4054158809972, 1115.9256247617939, 1054.6302669656318, 1028.272823719464, 1116.2974513990434, 1174.3785590685825, 1240.5889730285369, 1296.4852486627065, 1233.2793681887329, 1178.105682865506, 1240.0338705051568, 1292.5668261254425, 1353.0059127734808, 1343.370388239967, 1861.3806703627283, 1846.1681938545037, 1619.2844098551682, 1664.721598346102, 1719.5493595706987, 2104.5248869994384, 2095.774797061936, 1800.1447164047672, 1829.938796790756, 1910.234802321432, 1950.1602498256393, 1851.4397100634953, 1898.0094836433248, 1929.8323761404772, 1970.8244467734817, 2008.1000971067153, 1967.884651091115, 1936.6871198002016, 1938.3750927000688, 1967.4399609645018, 1998.1574012074225, 2037.7755028461795, 1969.353447200375, 2009.9273618715677, 2013.66953594675, 2087.2769341896155, 2123.441781636596, 2451.6943121033664, 2448.6651465645523, 2305.3019325025516, 2339.89422837871, 2362.0, 2393.0, 2427.7318632830934, 2723.110353988615, 2723.879586178508, 2512.0, 2543.0, 2604.1447732413035, 2635.748470548736, 2886.4741467749195, 2661.0, 2693.0, 260.2786967848118, 827.6726406013431, 1418.3077945213445], [488.2591524999813, 464.1400650665702, 307.0, 947.10717450561, 877.6018459415409, 382.48790830560904, 364.1785276481852, 312.2963336320169, 398.24615503479754, 313.3209217399949, 305.9836596944353, 0.0, 906.5301980629217, 845.3508147508938, 227.17834403833479, 292.4995726492605, 388.85472865840273, 341.1407334224396, 227.14973035423134, 197.12178976460214, 296.150299679065, 316.83434157300564, 234.53997527074142, 260.4995201531089, 364.1977484828812, 385.0402576354841, 288.9221348391293, 265.75364531836624, 339.8352542041511, 348.89110048839024, 404.7283039274619, 440.50539156745856, 409.0, 1007.6293961571387, 966.1433641028644, 602.0373742551204, 659.276118178112, 1174.8787171448805, 1147.819672248215, 843.2994723109935, 888.8756943465155, 931.2400335037149, 956.1511386804913, 921.6534055706625, 916.4114796312845, 1016.480201479596, 984.0995884563716, 979.1920138563222, 987.8425987980069, 1041.9990403066597, 1046.612153569793, 1077.115128479774, 1138.0070298552641, 1109.1798772065783, 1104.8280409185857, 1167.6754686127476, 1171.7939238620415, 1199.1167582850303, 1295.7044416069584, 1635.8117251077522, 1629.0748908506325, 1486.9082016049276, 1515.8588324774837, 1638.0, 1899.0516054072887, 1898.4335648107362, 1747.8057672407424, 1780.2252666446457, 1789.9835194772045, 1815.4572426802015, 1809.4222834927175, 1827.8276724024067, 1831.3396735723277, 1848.94158912606, 1887.4882781092972, 1870.2491812590108, 1866.8103813724629, 1895.7605334007774, 1897.797144059396, 1901.1798968009314, 1918.141027140601, 1926.5391249595737, 1964.5808713310837, 1958.751898531307, 2043.7575687933245, 2047.0, 2267.8353114809725, 2272.1683476362396, 2196.4428059933634, 2218.7304928719936, 2326.553244608857, 2357.2961205584675, 2354.0, 2552.2209935661917, 2559.7925697212263, 2475.368659412169, 2506.1414565024056, 2501.548320540701, 2522.114192498032, 2722.191212975312, 2623.325561191367, 2655.116758261301, 217.13820483738002, 716.0, 1331.0], [1275.113328296744, 1265.3145853897363, 966.9953464210673, 307.0, 282.1240861748603, 1236.1787896578714, 1229.8556825904411, 677.4452007358234, 578.5715167548434, 1212.7543032288115, 1210.0599158719374, 906.5301980629217, 0.0, 70.66116330771806, 1120.0290174812437, 654.15976641796, 555.2089696681782, 641.7538468914697, 795.841692800773, 974.8887115973803, 1144.9541475535166, 1149.6421182263634, 980.9841996688835, 804.4930080491688, 652.4515307668455, 662.815962390768, 812.9212754012531, 987.9078904432336, 1155.3341507979412, 1093.52274782009, 1136.2790150310793, 1161.19679641308, 981.6924161874737, 410.0, 445.47727214752496, 824.293637000796, 752.5529881676107, 717.0, 750.6483863967204, 1334.4126048565338, 1043.1092943694825, 989.8813060160294, 1079.262711298783, 1177.4226089217075, 1322.1758581973882, 1131.3306324854816, 1225.3264871045594, 1365.0091574784399, 1447.2656977901465, 1409.357655103913, 1274.5446245620433, 1184.4610588786784, 1238.5172586605324, 1324.930564218367, 1455.0828155125741, 1502.0589202824235, 1376.3560585836792, 1293.3831605522007, 1658.0328706029925, 1331.0, 1364.4552026358358, 1571.879448303845, 1540.2652368991517, 1844.7994470944532, 1638.0, 1671.1879008657286, 2016.8594398222203, 2051.62594056519, 1856.048490745864, 1830.6938575305267, 2097.057939113748, 2036.9430527140419, 1958.0643503215108, 1900.6577808748214, 1937.5523218741732, 1993.8969381590414, 2071.411595989556, 2170.7503311067353, 2098.922818971674, 2022.462855035909, 1966.9367046247319, 2197.243727946447, 2224.015512535828, 2192.993388042928, 2299.1207014856786, 2210.22442299419, 2048.0, 2079.9543264216163, 2244.9534516332405, 2225.5111772354685, 2576.2424187176175, 2603.6701019906495, 2493.424352171126, 2355.0, 2386.83158182558, 2709.6724894348395, 2737.4619632060644, 2540.5048710836986, 2524.313966209433, 2536.0, 2843.848448845332, 2872.855374013805, 1063.490479506046, 1135.808522595248, 1584.5617690705528], [1227.0961657506716, 1216.0953909952952, 920.6242447383188, 344.80429231667057, 307.0, 1182.4284333523108, 1174.97234009997, 628.9554833213556, 532.7307011990205, 1153.7920089860218, 1150.0695631134665, 845.3508147508938, 70.66116330771806, 0.0, 1056.121205165392, 587.3074152434992, 487.44435579869014, 573.0244322888859, 727.9869504324923, 907.7868692595196, 1078.3862944232924, 1082.4463035181006, 913.0328581162893, 735.740443363011, 582.8430320420756, 592.6972245590492, 743.5711129407866, 919.3546649688574, 1087.5486196028203, 1024.4769397111875, 1066.7600479957994, 1091.4032252105544, 911.2436556706444, 383.2140394087878, 409.0, 755.1748141986728, 685.2043490813526, 687.8909797344344, 716.0, 1264.8161921797175, 979.4171736292967, 929.1856649776728, 1017.3401594353778, 1112.0202336288671, 1254.0271129445327, 1070.5372483010574, 1160.8867300473376, 1297.5565498274054, 1378.6315678962237, 1342.6317440013104, 1211.059453536448, 1124.7475272255547, 1179.8313438792852, 1262.3826678151122, 1389.1022280595478, 1436.8326276918965, 1314.7216435428452, 1235.6718820139915, 1592.7887493324406, 1300.52681633252, 1331.0, 1517.461696386436, 1488.8391451060118, 1786.4137258765115, 1607.2352036960863, 1638.0, 1956.6279666814537, 1991.4416888274686, 1804.7584325886942, 1782.1383223532341, 2036.3852778882488, 1979.419106707824, 1904.149416406181, 1850.453187735372, 1887.667873329416, 1940.334507243532, 2014.2524667975463, 2110.8770688981394, 2042.0479916005893, 1969.1736845692408, 1917.2994028059363, 2137.6484743755227, 2165.002540414214, 2134.9822013309617, 2240.55015565374, 2155.6681098907598, 2016.9841347913473, 2047.0, 2196.7733155699066, 2179.7332405594957, 2518.783833519661, 2546.440849499552, 2441.1738979433644, 2323.854126230818, 2354.0, 2653.2945558305432, 2681.2983795169084, 2494.095828150955, 2480.0907241470018, 2504.7924065678576, 2788.4735967909037, 2817.687172132492, 997.439221205984, 1066.3292174558474, 1522.653276356768], [472.8858213141942, 442.43869631848435, 440.8684611082993, 1173.9616688802066, 1104.2938920414258, 327.0611563607027, 297.3213749463701, 535.9412281211439, 625.0199996800102, 187.88294228055935, 160.31219541881399, 227.17834403833479, 1120.0290174812437, 1056.121205165392, 0.0, 476.18693808209395, 578.4410082281511, 509.02750416848795, 356.40005611671836, 191.70028690641024, 111.01801655587259, 141.7956275771577, 217.17504460687928, 370.2998784768907, 518.854507545227, 528.9328879924182, 384.29415816533043, 240.26027553467927, 173.64907140552177, 244.2642012248213, 284.80344099044873, 315.40608744918035, 392.77092560422545, 1176.097359915411, 1126.7586254384744, 662.5896165802782, 743.9146456415548, 1303.733868548332, 1266.9396197135836, 749.5385246936944, 904.527500963901, 968.2282788681603, 970.8578680733859, 900.2649609975944, 844.6963951621908, 1025.4842758423945, 958.9212689267039, 906.9536923128986, 889.1439703445106, 969.3069689216105, 1018.0967537518229, 1081.0222014371398, 1137.3381203494412, 1077.7058968011634, 1031.7388235401438, 1094.2358063964093, 1137.6805351239864, 1194.3219833863898, 1204.4251740975858, 1702.4247413615676, 1686.5233470070907, 1463.5415948991679, 1507.008294602256, 1573.4833967983266, 1944.2893303209787, 1935.4637687128115, 1661.693413358794, 1692.3025734188316, 1756.8702285598672, 1794.6099854843112, 1716.0655581882645, 1755.1262062883113, 1780.5687293671087, 1817.281761312758, 1854.8255982706298, 1818.8705286523282, 1793.9712929698735, 1803.0623949270307, 1824.852870781642, 1849.3363674572563, 1884.7103225694923, 1834.0613403046257, 1874.0, 1875.058665748888, 1952.0576323459304, 1979.4931169367576, 2291.7593678220233, 2289.1258156772424, 2154.5609761619653, 2186.9442151092926, 2229.737204246276, 2260.713382983345, 2284.949452394954, 2564.061231718151, 2565.4200435796083, 2379.627701973567, 2410.606770089224, 2454.9969450082826, 2484.454467282506, 2728.0588336764295, 2528.531787421309, 2560.512643983622, 100.26464980241042, 671.6680727859558, 1269.9893700342534], [763.4664367213531, 742.6991315465502, 511.93847286563647, 765.1248264172324, 694.8186813838557, 672.0275291980232, 655.470823149284, 307.0, 316.86590223626143, 602.9610269329188, 591.9814186273079, 292.4995726492605, 654.15976641796, 587.3074152434992, 476.18693808209395, 0.0, 102.3132444994293, 60.00833275470999, 144.8481963988506, 320.75068199459844, 491.0896048584209, 495.519928963508, 328.72632994635524, 163.682619724881, 97.01546268507923, 128.2653499585917, 183.9347710466947, 339.2653828494738, 502.06374097319554, 448.1751889607456, 496.45241463810004, 525.7841762548584, 378.4507894033252, 715.2377227188175, 673.8939085642487, 409.0, 429.2936058224022, 891.2418302570857, 869.433148666417, 812.9415723162397, 716.0, 731.1497794569865, 779.3696170624052, 790.4410161422546, 849.5657714385626, 842.3419733101277, 852.596035646425, 907.68111140422, 951.0021030470963, 966.4088161849518, 914.8666569506181, 905.3181761126858, 968.2974749528164, 977.2307813408254, 1025.6437003170254, 1085.3027227460548, 1039.671582760633, 1031.2793026139911, 1230.7241770599942, 1387.5518008348372, 1388.3403761325967, 1330.0, 1341.8822601107745, 1526.307963682297, 1665.3951483056505, 1671.9383959943023, 1661.282937972939, 1695.3613184215335, 1637.0, 1648.159276283697, 1731.2033387213646, 1722.055167525129, 1698.294732960095, 1693.1701036812574, 1732.16627377397, 1737.1758690472304, 1760.4115995982304, 1814.8410398709855, 1790.9198753713133, 1768.0851223852317, 1763.1633503450553, 1844.718135651081, 1879.4919526297526, 1864.634280495776, 1958.7631301410593, 1930.5877343441298, 2049.473346984537, 2060.2099407584656, 2047.0, 2057.5298296744086, 2244.2482037421796, 2274.2772478306156, 2235.1733713517615, 2342.823083376122, 2356.263567600195, 2389.780324632371, 2419.9249988377737, 2354.0, 2364.2013450634868, 2517.3011341514148, 2534.8579841876744, 2566.0742389884203, 410.6446152088202, 637.4354869318149, 1224.9118335619098], [845.9934987929872, 827.0006045947003, 576.7538469745997, 686.0466456444489, 616.7308975558141, 763.1860847788041, 748.3167778421115, 331.1027030998086, 308.0, 701.4342449581429, 691.6487547881511, 388.85472865840273, 555.2089696681782, 487.44435579869014, 578.4410082281511, 102.3132444994293, 0.0, 91.0659101969557, 240.63457773146402, 420.63404522220975, 591.8690733599789, 595.1335984466009, 425.77576257931827, 251.18120948828954, 116.10340218959993, 141.4496376806954, 263.8560213449752, 433.3739724533535, 600.1666435249464, 540.4377855035675, 585.8745599528964, 613.1761573968772, 449.81440617214565, 620.7551852381098, 583.3189522036807, 413.7692593704854, 409.0, 814.3537314951041, 798.204234516455, 864.2650056550942, 715.3097231269822, 716.0, 774.9354811853694, 806.3107341465819, 888.2128123372236, 837.6395406139803, 866.747944906707, 943.4177229626333, 997.375054831431, 999.544896440375, 927.5262799511397, 900.3849176879853, 963.163537515826, 988.5828240466249, 1056.4473484277387, 1114.0062836447557, 1049.8690394520643, 1025.9692977862446, 1263.6178219699182, 1335.7904027204268, 1341.2177302735004, 1325.9291082105408, 1330.0, 1539.175103748758, 1621.0074028208508, 1631.5152466342447, 1682.6565306086682, 1717.11676947143, 1632.190246264203, 1637.0, 1755.137886321186, 1735.8323651781586, 1701.446737338551, 1686.8043751425357, 1725.7635991062043, 1740.078159164122, 1773.715027844101, 1837.3078130786905, 1803.8608593791262, 1770.7967133468483, 1756.7324782106125, 1866.6925295827377, 1900.0910504499514, 1881.9843251206955, 1978.9949469364494, 1939.0897349014047, 2011.940605485162, 2025.9281823401343, 2041.5496565109554, 2047.0, 2264.2424781811687, 2293.901697980975, 2241.4254393131173, 2308.998051103552, 2325.292669751487, 2408.068520619793, 2437.8853541542926, 2348.216344377153, 2354.0, 2485.2687983395276, 2551.6396689187914, 2582.5539684583555, 512.2196794345176, 678.6162391219356, 1242.8857550072735], [818.8491924646443, 797.3863555391451, 571.5522723251129, 776.6009271176541, 707.0855676649044, 723.0836742729018, 705.3091520744645, 362.7947077894053, 363.46801785026423, 646.839238141905, 633.8461958551144, 341.1407334224396, 641.7538468914697, 573.0244322888859, 509.02750416848795, 60.00833275470999, 91.0659101969557, 0.0, 158.0, 340.0, 512.0, 512.937618039465, 341.2359887233467, 162.74212730574712, 39.0, 71.0, 173.21951391226105, 346.35530889535966, 515.8614154983875, 451.92034696393125, 496.13909340022786, 522.8632708462127, 359.2436499090833, 671.1095290636246, 626.5540678983738, 354.81262660734046, 370.3079799302197, 836.2804553497589, 812.7613425846483, 780.1570354742692, 661.4355599754219, 673.5317364460267, 724.0, 741.039809996737, 809.9043153360772, 787.0, 802.7035567381024, 866.6821793483468, 915.533724119434, 924.2667363916112, 864.5600037013047, 850.0, 913.0, 926.5705585652935, 982.5161576279547, 1041.3188752730837, 988.7062253268157, 976.0, 1188.7224234445987, 1327.7096821218108, 1328.3470931951483, 1275.2258623475293, 1285.3688186664558, 1476.5693346402668, 1605.3921639275557, 1612.0251238736944, 1614.6832506717842, 1648.9235882841872, 1582.1820375671061, 1591.9120578725447, 1685.6393445811593, 1672.711869988373, 1645.6026251802105, 1638.0, 1677.0, 1684.4266086713305, 1710.9208047130644, 1768.7263779341338, 1741.3170302963215, 1715.292394899482, 1708.0, 1798.421530120233, 1832.6770037297897, 1816.6045249310594, 1911.8336747740375, 1879.5797402611042, 1989.7195782320684, 2000.6803842693116, 1992.1445730669247, 2001.5204220791752, 2197.3049401482717, 2227.2013829018697, 2183.5478011712958, 2283.3512651364003, 2297.0557241825895, 2342.2316281700237, 2372.261789938033, 2299.125268444501, 2308.3182189637546, 2458.0008136695155, 2486.7878880194025, 2517.901110051783, 435.1781244502072, 598.652653882032, 1176.7837524371248], [715.0174823037546, 690.3339771443964, 511.75384707884706, 908.0886520599187, 837.6025310372456, 602.4566374437251, 581.0034423305941, 386.00518131237567, 426.28746169691647, 508.43386983952985, 491.7977226462115, 227.14973035423134, 795.841692800773, 727.9869504324923, 356.40005611671836, 144.8481963988506, 240.63457773146402, 158.0, 0.0, 182.0, 354.0, 355.3547523250533, 185.15398996510984, 39.0, 162.74212730574712, 173.21951391226105, 71.0, 194.42736432920137, 359.5622338344226, 303.4007251144928, 352.38898961233167, 382.5624132086162, 253.527118865024, 819.6975051810272, 770.8294234135072, 378.5128795695069, 432.134238402837, 959.62544776595, 928.541329182498, 701.2310603502957, 674.445698333083, 709.4060896270909, 741.039809996737, 724.0, 752.4632881410229, 802.7035567381024, 787.0, 813.2613356111306, 843.3089588045416, 874.3712026365004, 850.0, 864.5600037013047, 926.5705585652935, 913.0, 935.7317991817955, 997.2968464805251, 976.0, 988.7062253268157, 1136.2592133839883, 1408.6621312436846, 1402.1818712278375, 1282.0222306964884, 1304.5248177018327, 1454.4679439575148, 1672.9614460590537, 1673.3896736863176, 1578.0627363954832, 1611.512643450246, 1587.6649520601002, 1607.4190492836644, 1644.5522186905469, 1647.9699633185066, 1638.0, 1645.6026251802105, 1684.4266086713305, 1677.0, 1686.7394582448114, 1729.614118813789, 1717.5636814977197, 1708.0, 1715.292394899482, 1759.9693179143778, 1796.2786532161429, 1785.4612849345124, 1875.70786638005, 1862.2674351445874, 2044.6271053666485, 2050.446292883576, 1996.5019408956255, 2013.8758650919872, 2160.6140330933704, 2191.0111820800917, 2168.663413257115, 2331.353469553684, 2340.5283591531206, 2307.845965397171, 2338.317771390364, 2302.901865038977, 2319.0396719331907, 2502.655389781022, 2454.4282429926525, 2485.9464998265753, 277.8488797889961, 541.8533011803103, 1148.9299369413263], [624.2387363821633, 595.8061765373031, 499.1512796738079, 1068.489120206659, 997.8426729700429, 490.5609034564414, 463.96228294981046, 480.52055106935853, 548.405871595117, 369.0541965619684, 345.77593901253454, 197.12178976460214, 974.8887115973803, 907.7868692595196, 191.70028690641024, 320.75068199459844, 420.63404522220975, 340.0, 182.0, 0.0, 172.0, 174.77127910500627, 39.01281840626232, 186.1316738225926, 342.2294551905198, 347.33413307649454, 195.35864454894235, 71.00704190430693, 183.17477992343814, 157.20050890502867, 213.43383049554257, 248.80916381837707, 227.01541797860338, 994.4586467018123, 942.4913792709194, 474.52291830848384, 552.9629282329875, 1112.6207799605397, 1075.3143726371372, 647.2441579496875, 732.6506670985839, 788.8504294224603, 799.8599877478558, 746.5252842335616, 724.3652393647834, 857.3033302163243, 807.7703881673307, 787.3360146722617, 791.6577543357988, 850.3111195321393, 869.2663573381866, 915.4780172128657, 974.2530472110416, 930.9634794125922, 913.2896583231412, 976.2709664842031, 992.8242543370906, 1033.5260035432104, 1101.1180681470994, 1517.027685970167, 1503.4048024401145, 1313.5756544637998, 1349.3750405280216, 1450.0817218350144, 1765.1753453977312, 1759.0750410371925, 1554.8253921260741, 1586.9306853167848, 1613.251375328718, 1644.026763772415, 1615.1842000217807, 1638.0003052502768, 1648.08009514101, 1672.9148215016805, 1711.1192243674898, 1686.8470588645553, 1677.0002981514344, 1701.7147234480872, 1708.0002927400217, 1717.669351184913, 1741.5119867517421, 1732.5588013109395, 1770.9728964611513, 1766.5027596921552, 1850.0129729274872, 1858.8437266214714, 2120.741379800941, 2120.953087647155, 2016.9085254418455, 2043.2141346417902, 2132.123120272373, 2162.9207105208457, 2165.7241283229037, 2398.3854986219376, 2402.537200544458, 2281.1946431639717, 2312.017733496004, 2320.6156510719306, 2344.5624325233907, 2565.215000735806, 2429.3855190150452, 2461.2244919958034, 99.29753269845128, 529.9669801034778, 1143.372205364465], [579.3668958440757, 548.6137074481461, 545.8937625582472, 1225.6349374915844, 1155.2185940331813, 431.223839786253, 400.7056276120913, 607.6084265380131, 688.5673532778039, 285.49080545614777, 254.68608128439215, 296.150299679065, 1144.9541475535166, 1078.3862944232924, 111.01801655587259, 491.0896048584209, 591.8690733599789, 512.0, 354.0, 172.0, 0.0, 31.0, 177.341478509682, 356.1418256818483, 513.4832032306413, 516.8994099435595, 361.04985805287333, 187.00267377767625, 63.0, 148.18906842274163, 179.27074496414633, 207.3306537876153, 316.83434157300564, 1161.6626016189039, 1107.7589990607162, 602.8764384183545, 692.2022825735263, 1264.2930831100832, 1222.7595838921075, 641.1029558503064, 821.6233930457433, 891.9983183840651, 886.7468635411122, 805.9106650243561, 739.173186743134, 938.8892373437881, 862.9513311884975, 800.9806489547672, 779.616572425189, 862.9606016499247, 920.7692436218751, 992.2922956468018, 1046.763105960465, 979.2267357461192, 925.0783750580272, 987.3079560096738, 1038.215777186997, 1102.1433663548496, 1095.009132382009, 163