{"TourSize": 124, "DistanceMatrix": [[0.0, 312.0, 750.0, 1062.0, 2062.946678903747, 1481.434777504565, 1000.0244996998823, 252.63412279421004, 5440.583516498943, 5736.213820979829, 6328.708320028662, 6625.462172558228, 6922.495864931954, 6464.452722388803, 6563.04228235656, 5497.740353999996, 5613.33448139339, 4456.0435365916255, 4278.261796571126, 3929.112367952843, 3758.340591271632, 2562.9960983193087, 2728.3601301880954, 2329.280790286993, 2133.201584473441, 2317.466073106573, 1300.0188460172415, 1600.015312426728, 1900.012894693086, 2191.950957480573, 1937.6916679389421, 1698.4254472893415, 2728.488409357826, 2456.552258756162, 2200.0111363354504, 2400.010208311623, 2747.826231769396, 2534.866663160017, 2905.8473807135847, 3093.3717849621635, 4163.7061615824905, 4281.185466666914, 4440.872549398372, 4603.7103514448, 4769.376164657177, 5890.666261128702, 6164.750522121719, 6441.145006906769, 6719.5646436357765, 6999.767781862482, 7281.548530360833, 5892.813334902099, 5996.872017977372, 5085.395658156796, 3481.7738295299996, 3821.508079279697, 4194.967103565891, 4048.116722625473, 3146.593237137587, 3892.434842100764, 3524.87219626471, 4033.0570291033573, 5532.144611269666, 5670.781251291572, 5255.2758253016555, 4998.0445176088615, 5963.507692625205, 5810.29844328155, 5950.634251909623, 6091.732101791739, 6233.5402461201775, 6376.0112923362985, 6519.101778619505, 6662.771795581776, 6806.984648138998, 6951.70655307026, 7096.906368270615, 7242.555350150939, 7388.626936041635, 7535.096548817407, 6796.796966218721, 6849.023580044092, 6219.5396935786175, 6819.701166473499, 7426.893630583381, 7626.739080367179, 7683.415516552518, 8255.233128143625, 8924.397682757084, 8200.409989750513, 8469.266438127921, 7681.941421281472, 7829.140438132401, 7976.673993589057, 8124.52386297191, 8272.67308673563, 8421.105865621214, 8569.807465748574, 8718.764132605033, 8867.963013003606, 9211.989415973077, 9520.905891773114, 9659.862783704539, 10439.274352176017, 11297.841563767834, 11206.282880598723, 11116.159408716663, 11027.506336429828, 10940.35940908707, 10854.754902806419, 10770.729594600358, 10688.320728720671, 10607.565979054762, 10528.50340741741, 9160.232748134733, 9177.859009594777, 9198.097629401418, 9220.931406316826, 9246.341114192142, 9274.305580473398, 9304.801771128712, 9337.804881234133, 9373.288430428245, 9411.224362430215], [312.0, 0.0, 438.0, 750.0, 1794.0627079341457, 1268.8423857989612, 1049.6480362483417, 553.1148162904335, 5748.0484514311465, 6044.126156856754, 6637.33839727944, 6934.382524781857, 7231.670692170655, 6768.0470595290635, 6862.276298721876, 5798.142892340616, 5907.862219111072, 4736.922629724914, 4556.406039852023, 4200.6708987970005, 4025.920515857212, 2811.2383392377105, 2962.7792695373037, 2526.9073983824574, 2347.3945130718866, 2472.2380548806377, 1338.5667708411113, 1631.4904228955804, 1926.593107015594, 2054.2543659440034, 1780.4384291516515, 1516.562230836572, 2619.152725596581, 2334.5151530885378, 2223.00719746923, 2421.1073912571496, 2917.2351636438225, 2717.5836693651218, 3126.9891269398427, 3301.978346385694, 4410.27901611678, 4531.695157443845, 4696.153851823852, 4863.276776001958, 5032.798525671378, 6175.764001319999, 6452.244648182522, 6730.740003892588, 7011.00998430326, 7292.849991601363, 7576.084806811497, 6156.31066467572, 6257.234692737679, 5330.305901165523, 3599.675124229963, 3925.2561699843236, 4293.327497408042, 4093.184701427484, 3125.501719724371, 3875.4046240360503, 3501.6047749567624, 3957.936457296908, 5394.3985763011615, 5536.485527841647, 5167.74960693724, 4920.219608919911, 5926.140059094115, 5679.302774108808, 5822.796578964441, 5966.918132503579, 6111.623025023713, 6256.870783386852, 6402.6244618906085, 6548.850280774481, 6695.517306377455, 6842.59716774267, 6990.063805145129, 7137.893246609955, 7286.063409002148, 7434.553920713737, 6751.337719296821, 6818.8001877163115, 6190.023101733951, 6803.1195785463005, 7570.9749041982695, 7791.178408944311, 7852.629241215964, 8449.957751373671, 9113.384991319088, 8350.76259990667, 8574.088056464081, 7583.345963359446, 7732.422130225432, 7881.766299504192, 8031.363520598479, 8181.19991199335, 8331.262569382867, 8481.539482900494, 8632.019462443304, 8782.692070202622, 9303.422004832415, 9657.171480304158, 9820.440977878743, 10628.478771677535, 11485.126729818874, 11390.800849808586, 11297.841563767834, 11206.282880598723, 11116.159408716663, 11027.506336429828, 10940.35940908707, 10854.754902806419, 10770.729594600358, 10688.320728720671, 9132.875560304105, 9145.233949987283, 9160.232748134733, 9177.859009594777, 9198.097629401418, 9220.931406316826, 9246.341114192142, 9274.305580473398, 9304.801771128712, 9337.804881234133], [750.0, 438.0, 0.0, 312.0, 1446.1151406440636, 1057.189197826009, 1254.2125019309926, 987.0785176468993, 6180.44893191425, 6477.047861487516, 7071.106631921201, 7368.497065209431, 7666.09085518819, 7195.460304942277, 7284.16254623687, 6221.788247762856, 6324.161920760726, 5137.297343934843, 4953.6879191164235, 4590.57991979227, 4411.419726119926, 3178.749596932731, 3313.525162119642, 2839.1986545502587, 2680.6806971364567, 2735.1689161731856, 1504.3433783548223, 1770.0420898950397, 2045.250351424001, 1930.7120448166268, 1636.3523459206456, 1344.4883785291713, 2523.4200997852104, 2226.5778674908274, 2326.596011343611, 2516.5549864844998, 3191.559023424132, 3010.1576370681983, 3461.13406270257, 3620.0067679494746, 4769.376164657177, 4895.308876873859, 5065.259025953164, 5237.3322407500555, 5411.325992767392, 6580.117704114418, 6859.456902700096, 7140.472603406584, 7422.974403835702, 7706.798881507159, 7991.805115241487, 6533.433171005884, 6630.269526949866, 5685.221983352981, 3802.4004260466836, 4106.63170980793, 4464.66672888358, 4194.967103565891, 3148.2612661594653, 3893.7833786691317, 3515.7110233919966, 3892.434842100764, 5226.387279947784, 5372.919132091976, 5074.783148076379, 4842.876108264592, 5901.1798820235945, 5519.969927454315, 5667.499272165811, 5815.470746207911, 5963.851440134974, 6112.611553174306, 6261.724043743863, 6411.1643248321125, 6560.909997858529, 6710.940619615108, 6861.237497711328, 7011.783510634081, 7162.562949112559, 7313.561375964517, 6711.5161476375815, 6800.339991500425, 6175.003967610061, 6803.956496039639, 7789.849099950525, 8036.799673999595, 8104.497146646422, 8734.808183354686, 9389.774970679542, 8576.550821863064, 8737.933050784952, 7464.765502010093, 7616.163075985178, 7767.742786678766, 7919.494175766531, 8071.407560023221, 8223.473961775522, 8375.68504660962, 8528.033067478103, 8680.510814462476, 9447.684848681183, 9861.954623704167, 10057.879945594897, 10903.620912339167, 11756.986178438758, 11658.999785573375, 11562.287835891304, 11466.88257548668, 11372.81688940783, 11280.12429009539, 11188.83890312127, 11098.995450039612, 11010.629228159489, 10923.776087049753, 9112.374224097692, 9117.269108675031, 9124.828765516644, 9135.046578972655, 9147.913641918576, 9163.418794314706, 9181.54867111208, 9202.28775903036, 9225.618461653397, 9251.521172218112], [1062.0, 750.0, 312.0, 0.0, 1233.7588905454745, 1000.4803846153106, 1463.8172700169923, 1297.8582357098944, 6488.918322802345, 6785.827952431449, 7380.39707603866, 7677.998502213972, 7975.779648410556, 7500.6640372703005, 7585.798310000076, 6524.719227675625, 6622.411645314719, 5426.0423883342455, 5240.642708676103, 4873.308527068649, 4691.645340389659, 3450.588500531467, 3575.130906694187, 3080.383255375863, 2934.9209529389373, 2947.9587853292655, 1683.080806140929, 1924.2559601051, 2180.0827965928265, 1900.252877908622, 1600.3002843216643, 1300.3695628551138, 2500.1921926124, 2200.2183982505007, 2445.968315412119, 2627.3106021176864, 3407.8968587678823, 3238.6356695374056, 3712.3524886519062, 3860.9015786471427, 5032.798525671378, 5161.372007518931, 5334.544122978083, 5509.533646326157, 5686.172790199045, 6870.666707096189, 7151.745311460692, 7434.302993556289, 7718.177310738592, 8003.22816118596, 8289.33417108998, 6806.516069179592, 6900.6511286979285, 5944.801174135263, 3970.032871400437, 4258.654247529376, 4608.2709338753075, 4293.327497408042, 3201.1343302023424, 3936.656068289431, 3558.7548384231245, 3875.4046240360503, 5126.210686267196, 5275.525755789654, 5030.818621258373, 4811.399068877991, 5903.1886298847, 5425.21704634939, 5575.254254291906, 5725.610185822992, 5876.260375442872, 6027.182758138333, 6178.3573868788135, 6329.766188414861, 6481.392751561966, 6633.222143121697, 6785.240747386934, 6937.436125832079, 7089.796894128915, 7242.3126140757, 6700.489608976347, 6804.376238862751, 6183.234266951237, 6821.725294967542, 7956.799670721892, 8221.524250405153, 8293.357944765195, 8945.26612236886, 9593.997394204358, 8747.213041877967, 8866.001691856369, 7394.973698398122, 7547.771326689754, 7700.69737101777, 7853.744329935881, 8006.9052698280375, 8160.173772659501, 8313.543889341056, 8467.010098021616, 8620.56726671743, 9561.362925859472, 10016.958670175294, 10235.08969183954, 11105.992121373038, 11956.656556077874, 11856.215416396582, 11756.986178438758, 11658.999785573375, 11562.287835891304, 11466.88257548668, 11372.81688940783, 11280.12429009539, 11188.83890312127, 11098.995450039612, 9110.593614029769, 9110.148407133662, 9112.374224097692, 9117.269108675031, 9124.828765516644, 9135.046578972655, 9147.913641918576, 9163.418794314706, 9181.54867111208, 9202.28775903036], [2062.946678903747, 1794.0627079341457, 1446.1151406440636, 1233.7588905454745, 0.0, 725.4309064273455, 1825.171224844398, 2228.9291150684894, 7175.043553874778, 7475.041805903162, 8075.038699597668, 8375.037313349714, 8675.036022979963, 8118.65136583657, 8152.645276227833, 7121.270953980054, 7160.001745809843, 5889.874786444954, 5693.033022914939, 5300.058961936178, 5103.981289150657, 3855.191305240247, 3905.124837953327, 3324.1540277189324, 3265.348373451139, 3054.9140740780254, 1853.7124911916626, 1929.0541723860426, 2046.0327465610123, 1175.2659273543159, 957.2094859538323, 794.5124291035352, 1688.564479076828, 1423.4640845486758, 2198.0104640333266, 2315.437323703667, 3492.849839314596, 3400.367627183861, 3970.2015062210635, 4049.6913462633174, 5312.720583655798, 5455.5018100995985, 5646.459067415613, 5838.021925275718, 6030.132668523968, 7325.042661991806, 7619.137090248475, 7913.67487328106, 8208.608286427121, 8503.896165875969, 8799.50282686471, 7115.124735378853, 7187.532608621682, 6174.544517614235, 3780.21163428716, 3982.2261362207946, 4278.142120126446, 3790.118731649445, 2593.260495977988, 3242.2985673746953, 2887.148246973127, 2983.2867780352594, 3996.013638615364, 4149.3446470497, 4029.965880748868, 3848.538683708402, 5015.787575246783, 4302.867532239402, 4456.562464501087, 4610.412237533646, 4764.401851229596, 4918.5181711568375, 5072.749648859088, 5227.086090739275, 5381.518466009385, 5536.038746251692, 5690.639770711198, 5845.315132651104, 6000.059083042433, 6154.866448591716, 5764.655236872367, 5910.213617120789, 5309.955272881308, 5968.301684734109, 7646.649593122467, 7991.010574389199, 8081.962942256046, 8835.61684320908, 9444.872947795538, 8443.821705839127, 8377.23850681118, 6309.732561685954, 6464.653200288473, 6619.624536180281, 6774.64309022992, 6929.705693606331, 7084.809454036149, 7239.951726358401, 7395.130086753038, 7550.34231012078, 9008.676373363625, 9630.420551564714, 9947.172965219817, 10934.463864314519, 11765.552473216037, 11653.349775922801, 11542.16483160763, 11432.027335516654, 11322.967852996846, 11215.01783324485, 11108.209621716724, 11002.576470990783, 10898.152549859082, 10794.972950406129, 8180.331594746022, 8165.405133855882, 8153.436637394075, 8144.439145822135, 8138.422512993535, 8135.393352506073, 8135.3550014735065, 8138.307502177588, 8144.247601835298, 8153.168770484271], [1481.434777504565, 1268.8423857989612, 1057.189197826009, 1000.4803846153106, 725.4309064273455, 0.0, 1100.0, 1601.7568479641347, 6450.193795538239, 6750.185182644992, 7350.170066059696, 7650.163396947806, 7950.157231149583, 7393.66282704317, 7429.712309369725, 6396.5811180661185, 6438.215979601803, 5172.583977085341, 4976.507309348595, 4585.370759273453, 4390.401462281097, 3137.8734837465963, 3197.0689701662677, 2625.1190449196774, 2552.6946546737627, 2381.4386408219716, 1140.175425099138, 1252.9964086141667, 1421.2670403551895, 900.0, 600.0, 300.0, 1500.0, 1200.0, 1627.8820596099706, 1780.4493814764855, 2831.298288771425, 2718.685344058779, 3274.331992941461, 3368.4195106904367, 4620.200212112025, 4760.9085267415085, 4949.368646605342, 5138.7011977736165, 5328.813188694083, 6610.975722236469, 6903.984356876832, 7197.569034055873, 7491.662031885849, 7786.205751198719, 8081.150908131836, 6422.713600963381, 6499.471132330691, 5495.566394831382, 3217.335854398791, 3460.2203687048604, 3785.0033025084667, 3387.661435267698, 2245.272811931771, 2965.004215848605, 2589.522156692234, 2875.1086935975136, 4169.60729565747, 4315.87314456762, 4034.3060121909443, 3811.8237105091835, 4905.16309616714, 4462.798337366366, 4610.319837061199, 4758.382183053396, 4906.936416951008, 5055.939180805086, 5205.351957360808, 5355.140427663872, 5505.273925973166, 5655.7249756330975, 5806.468892537013, 5957.483445214095, 6108.74856251262, 6260.2460814252345, 5700.219294027204, 5806.515736653092, 5186.822244881735, 5828.432465080126, 7161.180070351534, 7470.107094279171, 7553.020918811228, 8267.292483032157, 8893.291010643923, 7957.268689694976, 7986.903342347396, 6411.959528880388, 6563.873932366465, 6715.975655107752, 6868.252252210893, 7020.692344776261, 7173.285509444051, 7326.022181238602, 7478.893567901605, 7631.891574177401, 8657.078028988764, 9187.287412506479, 9456.479260274407, 10394.529811395993, 11234.888739992044, 11127.500213435182, 11021.273474512825, 10916.242439594313, 10812.441953601416, 10709.907796055015, 10608.676684676559, 10508.786276254741, 10410.275164470919, 10313.18287436037, 8111.123534998095, 8110.027188610406, 8111.931274363707, 8116.833680691012, 8124.728980095275, 8135.608459113553, 8149.460166170517, 8166.268976711458, 8186.016674793669, 8208.682050122297], [1000.0244996998823, 1049.6480362483417, 1254.2125019309926, 1463.8172700169923, 1825.171224844398, 1100.0, 0.0, 927.6987657639736, 5350.233639758174, 5650.221234606659, 6250.199996800103, 6550.190836914601, 6850.182479321263, 6296.923852167819, 6339.213279264234, 5301.061214511676, 5351.226494926186, 4098.856547867954, 3905.204860183394, 3520.031960082181, 3328.757275621039, 2071.5332485866597, 2160.1504577227947, 1629.8006013006623, 1510.3807466993214, 1485.3450777512949, 300.0, 600.0, 900.0, 1421.2670403551895, 1252.9964086141667, 1140.175425099138, 1860.1075237738273, 1627.8820596099706, 1200.0, 1400.0, 1944.5436482630057, 1776.583800443987, 2272.9386265361413, 2406.501610221776, 3611.267090648378, 3745.8310159429243, 3926.989941418236, 4109.8965923730975, 4294.327654010579, 5543.013620766234, 5833.095233235953, 6124.13259164104, 6415.99563590874, 6708.576600144028, 7001.785486574121, 5404.28071069592, 5490.275493998457, 4511.790110366394, 2560.5175258138734, 2878.9103841557835, 3245.1887464367924, 3054.7094788211857, 2157.8345627040085, 2899.3533761858007, 2535.8677015964377, 3087.2722588071174, 4673.395446567731, 4804.348134762925, 4317.479009792636, 4049.6913462633174, 4977.511928664762, 4936.756931427757, 5070.507765500414, 5205.497190470858, 5341.631305135164, 5478.824782743102, 5617.0, 5756.086257171621, 5896.019080701825, 6036.739600148411, 6178.193991774619, 6320.332981734427, 6463.111402412927, 6606.48779609862, 5814.851674806504, 5858.3807489783385, 5229.065404066007, 5823.712304020521, 6543.1261641512, 6783.251432757008, 6850.410571637294, 7485.193718268085, 8137.60560607357, 7327.559279869389, 7525.996611745185, 6750.424060753517, 6894.885133198377, 7039.838705538643, 7185.254971119675, 7331.106396718029, 7477.367518050721, 7624.014756019298, 7771.02625140335, 7918.381715982124, 8253.787009609588, 8622.137206052801, 8805.963888183962, 9650.971453693146, 10503.7005383817, 10405.261217288107, 10308.242769744997, 10212.685689866305, 10118.631379786497, 10026.122131711742, 9935.201105161384, 9845.91229902034, 9758.300518020544, 9672.411333271553, 8167.210356051814, 8187.108219634085, 8209.922594032176, 8235.629241290553, 8264.201171317165, 8295.608778142807, 8329.819986050119, 8366.800403977617, 8406.513486576941, 8448.920700302495], [252.63412279421004, 553.1148162904335, 987.0785176468993, 1297.8582357098944, 2228.9291150684894, 1601.7568479641347, 927.6987657639736, 0.0, 5195.00962463016, 5491.186119592014, 6084.6630966718285, 6381.859055165665, 6679.305727394128, 6215.555083819948, 6312.091570945403, 5247.201635157544, 5361.203223158025, 4203.867267171979, 4026.474885057648, 3678.654645383282, 3508.9172119045497, 2321.233508288212, 2492.6140896657066, 2114.9763592059367, 1910.0065444914057, 2130.8742337360036, 1220.911544707478, 1516.7811312117512, 1814.0079933671736, 2235.0894836672646, 2001.4057559625435, 1787.6311140724756, 2741.4640249326635, 2483.0676591667816, 2112.0191760493085, 2310.9792296773244, 2549.1420125210757, 2328.760399869424, 2676.401502017214, 2870.213406699927, 3921.17648161875, 4037.093632800706, 4195.0119189342, 4356.388986305057, 4520.854454635761, 5638.0958665138005, 5912.116795192734, 6188.547891064592, 6467.080098467933, 6747.453223253941, 7029.446991051287, 5644.078755651803, 5749.021655899376, 4843.1007629410315, 3314.07981195384, 3662.3080154459976, 4038.33195762805, 3930.0922381033247, 3083.9301224249552, 3822.3847268426553, 3461.574786134195, 4009.130204919765, 5556.977595779922, 5692.269846028033, 5237.604414233668, 4972.989543524096, 5903.388857258176, 5828.597086778258, 5965.888366370929, 6104.078636452843, 6243.108200247694, 6382.922214785325, 6523.4702421334, 6664.705844971704, 6806.586222182159, 6949.071880474399, 7092.126338412198, 7235.7158595400915, 7379.809211626002, 7524.377449330941, 6741.707869672195, 6781.777053250866, 6152.743290598105, 6741.84692795676, 7235.891444735748, 7423.484693861771, 7477.382563437556, 8035.001555693689, 8706.965602320937, 8005.154589388015, 8302.484567886893, 7669.393717889309, 7814.833075632518, 7960.672333415061, 8106.88990920686, 8253.465696299949, 8400.380943742968, 8547.618147764908, 8695.160953081891, 8842.994063098764, 9053.624964620525, 9333.57514567703, 9457.966219013473, 10221.331860379058, 11080.731022816139, 10990.656759266027, 10902.070629013555, 10815.009200181015, 10729.50958804735, 10645.609423607462, 10563.3468181254, 10482.760323502584, 10403.888888295569, 10326.77180923448, 9088.245155144088, 9109.984412719925, 9134.336538577938, 9161.280696496533, 9190.794089740015, 9222.852053459384, 9257.428152570237, 9294.49428425237, 9334.020784206557, 9375.976535806816], [5440.583516498943, 5748.0484514311465, 6180.44893191425, 6488.918322802345, 7175.043553874778, 6450.193795538239, 5350.233639758174, 5195.00962463016, 0.0, 300.0, 900.0, 1200.0, 1500.0, 1089.1510455395983, 1325.943060617612, 579.8706752371601, 952.9559276272959, 1730.0650276795957, 1892.9144196185944, 2236.766639593858, 2415.186328215693, 3441.8381716751296, 3499.464244709467, 4081.2069293286268, 4031.9040167146836, 4468.920451294697, 5361.436374704077, 5389.341332667657, 5433.691194758863, 6519.585876418839, 6482.669203345177, 6459.489143887464, 6633.626459185051, 6570.007610345669, 5494.087731370878, 5543.013620766234, 4222.706478077775, 4145.027141045038, 3573.688570650778, 3663.502422545944, 2705.780848479788, 2589.642832515712, 2440.5429723731563, 2299.1846380836837, 2167.0832932769335, 1500.0, 1529.7058540778355, 1615.5494421403512, 1749.28556845359, 1920.9372712298546, 2121.3203435596424, 2314.3573622066233, 2457.7682966463703, 2684.445939109223, 4778.728910494924, 5014.042780032894, 5185.195271154212, 5806.138992480287, 6124.234646059865, 6428.938481584654, 6312.9331534556895, 7105.015833902132, 8854.836249191738, 8925.517407971372, 8065.5517480207145, 7770.778596768795, 7953.183324933482, 8998.34812618405, 9073.276640773167, 9150.251417310892, 9229.22125642245, 9310.135391067093, 9392.943574833183, 9477.596161474701, 9564.044175974932, 9652.239377470909, 9742.134314409754, 9833.682372336418, 9926.837814732344, 10021.555817336946, 8678.27747885489, 8506.06401339656, 8031.850658472181, 8290.845855520412, 6057.43344990269, 5784.678037713075, 5724.563302121831, 5583.065913993852, 6225.200799974246, 6481.946081232087, 7555.0066181307875, 10117.792496389715, 10215.504931230762, 10314.651181692961, 10415.190300709824, 10517.082342551093, 10620.28836708307, 10724.770440433678, 10830.49163242371, 10937.416011106097, 8381.527307120105, 7788.5332380365435, 7416.872656315463, 7476.379471375166, 8266.875165381414, 8243.31007544906, 8222.637593862446, 8204.879584734928, 8190.05500592029, 8178.179809713161, 8169.266858170322, 8163.325854086678, 8160.363288481708, 8160.382405255283, 10318.179345213961, 10414.386251719301, 10512.027825305639, 10611.064461212174, 10711.457463856168, 10813.169054444677, 10916.162375120663, 11020.401489963966, 11125.851383152662, 11232.477954574404], [5736.213820979829, 6044.126156856754, 6477.047861487516, 6785.827952431449, 7475.041805903162, 6750.185182644992, 5650.221234606659, 5491.186119592014, 300.0, 0.0, 600.0, 900.0, 1200.0, 849.2643875731515, 1137.156541554416, 686.476510887299, 1021.3349107907749, 1976.8978223469214, 2148.98231728416, 2505.618686073362, 2688.5172493402383, 3736.4756121243454, 3789.623991902099, 4373.928440201097, 4327.961413876053, 4759.858191164943, 5660.830327787612, 5687.266478722445, 5729.310604252487, 6816.524040887702, 6781.2240782914705, 6759.067983087609, 6925.67686222798, 6864.765108872991, 5786.622503671723, 5833.095233235953, 4506.245665739941, 4433.53696274205, 3858.270337858663, 3941.605003041274, 2947.244475777332, 2825.1106173033295, 2666.692708206178, 2514.2096173549253, 2368.807716974934, 1529.7058540778355, 1500.0, 1529.7058540778355, 1615.5494421403512, 1749.28556845359, 1920.9372712298546, 2387.729046604744, 2524.009706795915, 2855.039404281489, 5042.940610397866, 5269.309727089498, 5429.663893833577, 6062.693295887563, 6405.563987659479, 6697.480869700189, 6588.484271818519, 7379.447811320302, 9124.315042785403, 9192.924507467686, 8326.351241690443, 8032.745483332582, 8190.123625440583, 9263.653113108241, 9336.45269896442, 9411.275205836879, 9488.072775859173, 9566.7978446291, 9647.403225739039, 9729.84218782607, 9814.068524317527, 9900.036616093903, 9987.701487329305, 10077.018854800262, 10167.945170977271, 10260.437661230635, 8905.195112966363, 8726.289303019927, 8261.998850157266, 8506.06401339656, 6165.427803486145, 5867.069114984073, 5800.05387906009, 5607.194039802796, 6234.831593555675, 6559.010977273937, 7665.384856613528, 10354.45435549358, 10449.954114731796, 10546.896652570367, 10645.242552426882, 10744.953280494057, 10845.991194906992, 10948.319551419752, 11051.902505903678, 11156.70511396622, 8486.45980371085, 7845.141808788418, 7443.117626371358, 7447.23102904697, 8224.12457347285, 8206.141663412836, 8191.090830896701, 8178.98826261537, 8169.847060992023, 8163.677173921075, 8160.485340958588, 8160.275056638716, 8163.046551380189, 8168.796790225596, 10504.466906987713, 10603.397615858796, 10703.687635576816, 10805.29911663717, 10908.195130267884, 11012.339669661484, 11117.697648344283, 11224.23489597398, 11331.918151839962, 11440.715056324058], [6328.708320028662, 6637.33839727944, 7071.106631921201, 7380.39707603866, 8075.038699597668, 7350.170066059696, 6250.199996800103, 6084.6630966718285, 900.0, 600.0, 0.0, 300.0, 600.0, 575.5432216610669, 950.3288904374107, 1131.9231422671771, 1361.2953390061982, 2505.618686073362, 2688.5172493402383, 3060.7392897795135, 3249.3268533651703, 4327.961413876053, 4373.928440201097, 4961.980451392367, 4921.508914956876, 5344.740405295658, 6259.792328823697, 6283.709095749102, 6321.787721839448, 7411.140263144397, 7378.6855197928035, 7358.328614570023, 7511.657606680432, 7455.534856735632, 6373.774391990981, 6415.99563590874, 5079.000886001104, 5014.603673272694, 4433.53696274205, 4506.245665739941, 3457.7810804040214, 3327.348794460839, 3156.1448002270113, 2988.5197004537213, 2825.1106173033295, 1749.28556845359, 1615.5494421403512, 1529.7058540778355, 1500.0, 1529.7058540778355, 1615.5494421403512, 2632.7267233801535, 2751.476876152151, 3252.883336364832, 5582.226258402646, 5792.721726442588, 5933.906807492009, 6586.823969106811, 6972.893947278992, 7241.978320873379, 7145.49683367084, 7933.867278950411, 9668.667178055102, 9733.440347585225, 8855.400894369492, 8564.1695452624, 8675.720431180342, 9800.268822843585, 9869.110851540781, 9939.92459729952, 10012.66822580275, 10087.29998562549, 10163.778283689584, 10242.06175533032, 10322.109329008292, 10403.880285739548, 10487.33431335151, 10572.431555701838, 10659.132657022334, 10747.398801570545, 9371.365962334414, 9180.311813876477, 8735.02289636381, 8951.152160476326, 6418.138359368704, 6073.096409575596, 5993.3817665822025, 5702.6857707574945, 6297.072732627439, 6750.601825022714, 7915.688536065577, 10837.19174878806, 10928.473864177011, 11021.20814611538, 11115.358248837507, 11210.8885018093, 11307.763925728199, 11405.950245376314, 11505.41389955181, 11606.122048298475, 8723.531395025755, 7991.010574389199, 7531.268153505092, 7425.042087422805, 8171.0602127263755, 8164.4326808419455, 8160.782376708743, 8160.113295782112, 8162.426171182194, 8167.718469682951, 8175.984405562427, 8187.214972137961, 8201.397990586727, 8218.518175437712, 10892.282818583073, 10996.237583828388, 11101.411126519006, 11207.76913573794, 11315.278211338862, 11423.90585570452, 11533.620463670546, 11644.391310841456, 11756.188540509207, 11868.983149368778], [6625.462172558228, 6934.382524781857, 7368.497065209431, 7677.998502213972, 8375.037313349714, 7650.163396947806, 6550.190836914601, 6381.859055165665, 1200.0, 900.0, 300.0, 0.0, 300.0, 637.3774391990981, 989.0020222426241, 1398.6600730699365, 1590.0078616157846, 2780.8496902925194, 2967.0060667278726, 3344.1179704071446, 3534.5615003844537, 4624.527002840398, 4667.574316494596, 5257.019117332559, 5218.8360771344405, 5638.372992273569, 6559.344479443049, 6582.172893505609, 6618.534581008095, 7708.761249383717, 7677.564718060018, 7658.002350482794, 7805.44681616626, 7751.451476981585, 6668.208155119334, 6708.576600144028, 5367.611200524867, 5306.717441130628, 4723.4785910386, 4791.789853488986, 3723.0699697964315, 3589.7423305858597, 3414.1250709369156, 3241.3346016725886, 3071.8479780093285, 1920.9372712298546, 1749.28556845359, 1615.5494421403512, 1529.7058540778355, 1500.0, 1529.7058540778355, 2795.7557117888537, 2905.275374211539, 3473.6508172238614, 5856.300026467224, 6059.754532982339, 6192.434900747847, 6853.557470394481, 7258.529465394488, 7517.396490807173, 7426.514996955167, 8213.479774127407, 9943.245194603218, 10006.24110243202, 9123.219004276943, 8833.17609922954, 8923.739406773373, 10071.259553799615, 10138.261636000523, 10207.208286304342, 10278.060371490334, 10350.778762972379, 10425.324407422533, 10501.658392844436, 10579.742010087013, 10659.536809824336, 10741.004655059041, 10824.107769234377, 10908.808780063935, 10995.070759208418, 9610.020811631992, 9413.454466878777, 8977.228135677515, 9180.311813876477, 6561.440390645944, 6195.361167841629, 6109.879295043397, 5773.268138584938, 6349.261768111313, 6864.082240183316, 8054.695835349712, 11082.857257945714, 11172.132338994199, 11262.860604659902, 11355.007221486036, 11448.537941588873, 11543.419120867093, 11639.617734272892, 11737.101388332641, 11835.838331102703, 8854.942122905151, 8079.681305596156, 7592.759709091287, 7432.109391014102, 8160.957358055487, 8160.058884591459, 8162.142427083712, 8167.205703299018, 8175.243176811317, 8186.246087187948, 8200.20249749968, 8217.09735855673, 8236.912589071224, 8259.627170762613, 11093.278370256468, 11199.546464031479, 11306.968161271172, 11415.51089526877, 11525.14299260534, 11635.833661581795, 11747.552979237846, 11860.271877153576, 11973.962126213695, 12088.596320499746], [6922.495864931954, 7231.670692170655, 7666.09085518819, 7975.779648410556, 8675.036022979963, 7950.157231149583, 6850.182479321263, 6679.305727394128, 1500.0, 1200.0, 600.0, 300.0, 0.0, 813.1727983645296, 1110.4616157256405, 1676.6782637107215, 1839.327322691641, 3060.7392897795135, 3249.3268533651703, 3630.16872886096, 3822.0576918722722, 4921.508914956876, 4961.980451392367, 5552.589485996601, 5516.4526645299875, 5932.642750073529, 6858.935777509511, 6880.770305714324, 6915.562160808043, 8006.559810555343, 7976.528066771909, 7957.700672933105, 8099.691352144228, 8047.670470390795, 6963.117118072911, 7001.785486574121, 5657.406649693833, 5599.665168561421, 5014.603673272694, 5079.000886001104, 3993.275597801885, 3857.622324696911, 3678.4847423905403, 3501.606774039598, 3327.348794460839, 2121.3203435596424, 1920.9372712298546, 1749.28556845359, 1615.5494421403512, 1529.7058540778355, 1500.0, 2980.14261403712, 3080.6858002724002, 3705.5701315721985, 6132.801154448104, 6329.741305930283, 6454.552656846174, 7122.938298202505, 7545.279981551381, 7794.629561435232, 7708.9639381696425, 8494.483504016003, 10219.252663477893, 10280.55742652119, 9392.982753098187, 9104.119946485767, 9174.863759206455, 10343.851748744275, 10409.099336638114, 10476.263694657557, 10545.308198435929, 10616.1961643519, 10688.890915338223, 10763.355842858677, 10839.554465013773, 10917.450480767018, 10997.00782031185, 11078.190691624693, 11160.963623271962, 11245.291503558277, 9852.030247619015, 9650.291446376115, 9222.831723500109, 9413.454466878777, 6715.094936037763, 6329.494450586081, 6238.639675442075, 5858.3807489783385, 6415.070147706882, 6988.606799641829, 8202.324365690496, 11331.139616119819, 11418.473672080696, 11507.2598389017, 11597.464766059866, 11689.055607704157, 11782.000042437616, 11876.266290379313, 11971.82312766105, 12068.639898513833, 8994.442728707543, 8178.401433043013, 7665.50715869472, 7451.258283001604, 8161.876316142018, 8166.710537297131, 8174.5194965820465, 8185.294680095519, 8199.024393182399, 8215.693823408952, 8235.285119532899, 8257.777485498142, 8283.14728831982, 8311.36817858528, 11298.664744119103, 11407.122380337645, 11516.671784851733, 11627.282098581767, 11738.923332231112, 11851.56635217472, 11965.182865297129, 12079.745402946206, 12195.227304154687, 12311.602698268003], [6464.452722388803, 6768.0470595290635, 7195.460304942277, 7500.6640372703005, 8118.65136583657, 7393.66282704317, 6296.923852167819, 6215.555083819948, 1089.1510455395983, 849.2643875731515, 575.5432216610669, 637.3774391990981, 813.1727983645296, 0.0, 375.0, 1000.0, 1068.0004681646915, 2348.536778506992, 2544.7249360196083, 2938.6433944934524, 3136.180001211665, 4301.162633521313, 4314.220671222092, 4912.48409666637, 4901.020301937138, 5278.730908087663, 6279.0325687959285, 6275.448191165313, 6286.195192642366, 7384.5277438709645, 7375.381346072893, 7378.43140511586, 7439.169980582511, 7405.825409770338, 6311.200361262507, 6335.71227250733, 4973.178058344583, 4936.598018878994, 4341.658669218482, 4383.206588788624, 3242.2985673746953, 3101.6124838541646, 2915.4759474226503, 2731.300056749533, 2549.5097567963926, 1308.147545195113, 1116.3556780883052, 980.4335775563789, 925.3377761660873, 965.0129532809391, 1089.1510455395983, 2170.829334609241, 2275.549384214722, 2900.4310024546353, 5391.8920612341635, 5571.187036888997, 5679.788728465171, 6361.800059731522, 6839.773388058993, 7053.013540324448, 6985.028632725853, 7764.18057492225, 9471.701272738705, 9528.40285672263, 8630.505489251484, 8344.534139183565, 8382.310242409309, 9587.307703417055, 9648.375459112274, 9711.565321821194, 9776.836144684026, 9844.146534870353, 9913.454947696086, 9984.719775737323, 10057.899432784163, 10132.952432534163, 10209.83746197754, 10288.513449473641, 10368.939627560767, 10451.075590579183, 9050.483412503445, 8845.090446117552, 8424.5548843841, 8606.138797393405, 5925.896556640185, 5557.989744502953, 5472.7164187449, 5147.875775501969, 5733.508960488332, 6227.208443596536, 7418.262936833663, 10534.881347219816, 10620.31736813924, 10707.344628805033, 10795.924647754819, 10886.019520467526, 10977.591949056952, 11070.6052680059, 11165.023466164323, 11260.811205237393, 8217.7399569468, 7447.986305035744, 6972.17684801526, 6850.182479321263, 7595.539809651451, 7588.923573208522, 7585.510464036023, 7585.304806004832, 7588.306859899644, 7594.512821768096, 7603.91484697192, 7616.501099586345, 7632.255826425107, 7651.159454618627, 10485.696209599055, 10594.009675283482, 10703.500782454308, 10814.133760963012, 10925.87392385616, 11038.68764844807, 11152.542355893565, 11267.406489516565, 11383.249492126579, 11500.041782532791], [6563.04228235656, 6862.276298721876, 7284.16254623687, 7585.798310000076, 8152.645276227833, 7429.712309369725, 6339.213279264234, 6312.091570945403, 1325.943060617612, 1137.156541554416, 950.3288904374107, 989.0020222426241, 1110.4616157256405, 375.0, 0.0, 1068.0004681646915, 1000.0, 2302.1728866442677, 2501.999200639361, 2901.723625709382, 3101.6124838541646, 4308.784631424504, 4300.072673804479, 4900.063775095177, 4907.710769798889, 5252.915856931272, 6303.619991719044, 6282.167221588423, 6275.0, 7375.0, 7381.099172887463, 7399.366526939992, 7399.366526939992, 7381.099172887463, 6282.167221588423, 6294.888799653255, 4922.96912442075, 4905.16309616714, 4305.88260406621, 4326.155914897196, 3134.984050996113, 2989.2515785728037, 2795.6439329785903, 2603.0030733750586, 2411.5606979713366, 1076.1621625015441, 832.5412902673356, 638.8466169590318, 550.567888638631, 614.9186938124421, 795.6915231419774, 1891.5932438026946, 1982.7380058898352, 2697.8000296537916, 5282.104220857442, 5439.209501388966, 5525.0, 6223.99590295495, 6761.88768022658, 6937.083320820069, 6888.39603971781, 7659.022457206925, 9344.650876303513, 9395.894635424558, 8486.45980371085, 8204.609984636685, 8192.832233116946, 9449.436173656077, 9505.236661966917, 9563.256558306903, 9623.455720270136, 9685.793514214516, 9750.22892038951, 9816.720633694329, 9885.227159757129, 9955.706906091602, 10028.118268149812, 10102.419710148653, 10178.56984060138, 10256.527482535208, 8841.415327875962, 8626.70273047588, 8223.518103585593, 8381.527307120105, 5604.741296438222, 5221.410250114427, 5132.372745621658, 4784.480118048355, 5364.349914015677, 5884.30114796991, 7091.984912561504, 10336.25173842046, 10417.70204987645, 10500.83825225396, 10585.620624224164, 10672.00993252911, 10759.967472069793, 10849.455101524685, 10940.435274704567, 11032.87106785899, 7885.3107104286, 7091.412059667666, 6605.537449746235, 6475.193047315269, 7221.087175765157, 7214.127528675938, 7210.537011901402, 7210.320658611516, 7213.478772409329, 7220.006925204435, 7229.895988186829, 7243.132195397237, 7259.697238866095, 7279.568393799182, 10217.715008748286, 10328.839044152059, 10441.111243541081, 10554.494966600723, 10668.954775422004, 10784.456407255768, 10900.966746119355, 11018.453793522936, 11136.886638553882, 11256.235427530823], [5497.740353999996, 5798.142892340616, 6221.788247762856, 6524.719227675625, 7121.270953980054, 6396.5811180661185, 5301.061214511676, 5247.201635157544, 579.8706752371601, 686.476510887299, 1131.9231422671771, 1398.6600730699365, 1676.6782637107215, 1000.0, 1068.0004681646915, 0.0, 375.0, 1384.0610535666408, 1573.4118977559563, 1958.4751721683888, 2153.0501619795114, 3301.5148038438356, 3318.5087012090235, 3915.673632978111, 3901.2818406262318, 4285.440467443224, 5279.796397589589, 5275.5331484125845, 5288.312585314904, 6386.0198872224, 6375.441161206023, 6378.969352489476, 6449.127848011698, 6410.63569390743, 5318.011846545662, 5347.078641650972, 3991.553582253406, 3945.8839313897715, 3354.1019662496847, 3407.7118422777476, 2326.4780248263683, 2195.4498400100147, 2024.8456731316587, 1860.1075237738273, 1702.93863659264, 928.0355596635293, 998.1232388838565, 1145.0982490598788, 1343.9680055715612, 1575.1984002023364, 1826.540445760783, 1735.6554957709782, 1878.3303756261837, 2170.829334609241, 4457.858230136979, 4662.416219086408, 4802.082881417187, 5456.418239101545, 5872.180174347514, 6119.231977952789, 6032.464256006827, 6817.807565486137, 8544.771793324851, 8607.581599961746, 7725.6472220779015, 7435.1361789815255, 7547.391933641713, 8672.742876391529, 8740.203029678429, 8809.909250383911, 8881.808655898865, 8955.848424353775, 9031.975918922724, 9110.138802455207, 9190.285142475177, 9272.363506679405, 9356.323049147031, 9442.113587539603, 9529.685671626321, 9618.990643513487, 8249.924242076408, 8064.466814365349, 7610.724341348858, 7840.001594387593, 5492.381086559817, 5209.726480344241, 5147.875775501969, 5005.059939701022, 5650.0553094637935, 5905.770483179989, 6991.46801465901, 9709.980689991098, 9802.608887433998, 9896.82923971107, 9992.596709564536, 10089.86724392348, 10188.59779361223, 10288.74632790604, 10390.271844374429, 10493.134374437412, 7815.449443250209, 7209.1955168382, 6838.2197975788995, 6915.562160808043, 7713.120315410619, 7686.335993176463, 7662.634599144083, 7642.04481797902, 7624.591857929184, 7610.2973003687575, 7599.178968809722, 7591.250819199692, 7586.5228530598915, 7585.001054713177, 9821.905365050103, 9921.745864513967, 10023.019954085694, 10125.684618829484, 10229.69799163201, 10335.019351699348, 10441.60911928808, 10549.428847098785, 10658.441208732167, 10768.609984580182], [5613.33448139339, 5907.862219111072, 6324.161920760726, 6622.411645314719, 7160.001745809843, 6438.215979601803, 5351.226494926186, 5361.203223158025, 952.9559276272959, 1021.3349107907749, 1361.2953390061982, 1590.0078616157846, 1839.327322691641, 1068.0004681646915, 1000.0, 375.0, 0.0, 1303.8404810405298, 1503.3296378372909, 1902.6297590440447, 2102.379604162864, 3311.4385091678814, 3300.0946956110215, 3900.0801273820002, 3909.68349102584, 4253.601415271534, 5309.013561858737, 5283.523918749683, 5275.0, 6375.0, 6382.054919851443, 6403.1730415474485, 6403.1730415474485, 6382.054919851443, 5283.523918749683, 5298.643694380667, 3928.8197973437263, 3906.484992931625, 3307.661560679992, 3334.0103479143554, 2174.4252114064534, 2033.6236131595247, 1848.140957827622, 1666.0207081546137, 1488.4975646604196, 555.0900827793629, 665.6763477847173, 870.7037383633999, 1119.4306588619056, 1388.5694076998816, 1668.2700620702872, 1370.4470073665746, 1510.3807466993214, 1891.5932438026946, 4324.421926685693, 4503.887209955418, 4617.967626564742, 5295.1038705581595, 5781.2736486002805, 5985.2422674441505, 5920.304046246274, 6697.807477077853, 8403.719414640163, 8460.66404013302, 7564.390259630977, 7277.748621654914, 7336.381942074718, 8520.084741362612, 8581.930085942206, 8646.148044071417, 8712.686152961094, 8781.491672830989, 8852.511733965677, 8925.693474459002, 9000.984168411807, 9078.331344470746, 9157.682894706499, 9238.98717392767, 9322.193089611479, 9407.250182704827, 8020.014027419154, 7824.321056807421, 7387.574026701865, 7592.759709091287, 5144.23220704509, 4849.033408835208, 4784.480118048355, 4630.469738590244, 5275.059241373503, 5543.013620766234, 6644.264443864347, 9494.108699609458, 9582.719655713612, 9673.0348908706, 9765.007117252911, 9858.589960029782, 9953.73799132768, 10050.40675793771, 10148.552803232587, 10248.133683749447, 7465.127259464503, 6840.184573533085, 6463.986772882507, 6544.320056354212, 7344.664730265093, 7316.53169199724, 7291.6283503755185, 7269.98789545072, 7251.639538752598, 7236.608321582701, 7224.9149475962695, 7216.575642228106, 7211.6020411556265, 7210.0011095699565, 9535.287095835132, 9638.097115094866, 9742.320257515661, 9847.911656793029, 9954.827773497642, 10063.026383747585, 10172.466564211454, 10283.10867393708, 10394.91433346134, 10507.846401618173], [4456.0435365916255, 4736.922629724914, 5137.297343934843, 5426.0423883342455, 5889.874786444954, 5172.583977085341, 4098.856547867954, 4203.867267171979, 1730.0650276795957, 1976.8978223469214, 2505.618686073362, 2780.8496902925194, 3060.7392897795135, 2348.536778506992, 2302.1728866442677, 1384.0610535666408, 1303.8404810405298, 0.0, 200.0, 600.0, 800.0, 2034.8525745124632, 2003.9024427351746, 2603.0030733750586, 2626.904071