{"TourSize": 136, "DistanceMatrix": [[0.0, 1975.0, 7150.0, 9125.0, 1221.9754498352247, 637.4550964577819, 706.6293229126569, 1297.5746606650425, 5976.045849891047, 6600.284009040823, 7791.169681119774, 8415.711496956155, 9146.37906496336, 7177.264451028679, 5000.659956445749, 2071.5332485866597, 625.0, 2311.730953203681, 795.0, 2129.0021136673395, 7194.061787335441, 9159.566037755283, 8482.935812559235, 7863.734799699187, 6685.787089041948, 6070.3479307202815, 1679.1962362987836, 1278.7982639963193, 1241.913443038604, 1621.4882053225056, 1420.0, 2432.4935765588366, 7289.643338325956, 9234.826744449514, 9474.604213369548, 7591.1132253444885, 3225.3875736103405, 2550.0, 3094.6282490793624, 2913.7345452185587, 2929.6458830377437, 3125.2519898401792, 6617.901782287193, 7186.602048256185, 8293.72202331378, 8883.000619160171, 9661.586308676231, 7823.242614159425, 5927.065040979389, 3739.150973148851, 3175.0, 3932.8869803237417, 3345.0, 3884.5398697915302, 7893.764944562259, 9718.778215393126, 9171.8972955436, 8602.431342358974, 7540.7724405394965, 7000.901656215434, 3870.813867909435, 3714.6769711510583, 3702.1411372339658, 3846.1310430093254, 3970.0, 4434.131820322891, 8178.227191757392, 9951.207213197804, 10453.49821829994, 8782.511030451371, 5469.060705459394, 5100.0, 5537.618982920367, 5438.59807303316, 5447.139157392621, 5554.790725130876, 8055.130290690524, 8528.52560528489, 9480.207012507692, 9999.809998194965, 10772.244427230567, 9159.591966894595, 6056.091974202505, 5725.0, 6212.575955270085, 5895.0, 6217.045118060509, 7632.732145175802, 9266.796911554715, 10863.546842537202, 10454.290985045327, 9958.4298461153, 9057.138013743635, 8612.846451667416, 6336.536909069496, 6242.3813565017, 6234.929751007625, 6321.489065085852, 6520.0, 6812.563761169506, 9676.409458058293, 11214.991083366942, 11907.481891651149, 10471.15084410496, 7900.830652532682, 7650.0, 8047.280534441434, 7979.464205070413, 7985.288034880145, 8059.1066502435615, 9948.800128658731, 10335.823576280702, 11134.083931783522, 11579.710704503805, 12318.329838090876, 10936.092766614593, 8507.423229156993, 8275.0, 8644.62838993094, 8445.0, 8672.868614247538, 9715.55968537068, 11065.284677765863, 12433.167335799837, 12143.545610734947, 11719.378183163133, 10963.815439891352, 10599.746412060998, 8850.152541058262, 8782.984970953781, 8777.690413770584, 8839.384820223633, 12865.866663384943, 11549.346301847563, 9282.5387152438, 9070.0], [1975.0, 0.0, 5175.0, 7150.0, 3172.183632767813, 2550.9065055387664, 1375.3908535394585, 779.310592767736, 4005.0154806192695, 4628.393241720068, 5818.264346005602, 6442.46265026038, 7177.264451028679, 5212.604915011304, 3058.5494928151807, 625.0, 2071.5332485866597, 4234.940967711356, 2129.0021136673395, 795.0, 5235.709121026492, 7194.061787335441, 6530.032542032237, 5915.082417008236, 4749.528818735602, 4144.411779734249, 1320.3503322982124, 1740.0287353949072, 2764.6200462269676, 3346.453197043102, 2432.4935765588366, 1420.0, 5366.285959581356, 7289.643338325956, 7591.1132253444885, 5769.152884089656, 2550.0, 3225.3875736103405, 4259.841428973618, 3819.7675321935494, 3158.3540016913876, 2948.020522316627, 4911.583145992746, 5431.8987472153785, 6475.777945544458, 7041.933328284214, 7823.242614159425, 6071.346638102621, 4413.414211242811, 3175.0, 3739.150973148851, 5297.001510288627, 3884.5398697915302, 3345.0, 6161.9518011746895, 7893.764944562259, 7403.028096664229, 6866.70954679168, 5892.497263469878, 5416.60862533006, 3729.1855679223045, 3897.5889983424368, 4450.46334666403, 4833.45104454364, 4434.131820322891, 3970.0, 6522.386449759015, 8178.227191757392, 8782.511030451371, 7265.715725240012, 5100.0, 5469.060705459394, 6263.764762505054, 5973.2004821536, 5573.481856075249, 5457.043613532881, 6723.997992266209, 7112.947630905207, 7938.778243533447, 8406.980730321677, 9159.591966894595, 7717.269594876157, 5725.0, 6056.091974202505, 7154.489849038854, 6217.045118060509, 5895.0, 6527.382706720972, 7844.211241418731, 9266.796911554715, 8942.780607842284, 8504.128409190445, 7738.864516193574, 7382.9634294096295, 6251.025915799742, 6352.9284585929345, 6706.3495286183825, 6966.401438332419, 6812.563761169506, 6520.0, 8324.123076937294, 9676.409458058293, 10471.15084410496, 9235.969088298207, 7650.0, 7900.830652532682, 8563.191519521211, 8353.000897880953, 8072.000991080216, 7992.047609968299, 8905.371918117738, 9202.582463634868, 9854.831302462768, 10235.76206249442, 10936.092766614593, 9759.930839918898, 8275.0, 8507.423229156993, 9344.52914811656, 8672.868614247538, 8445.0, 8873.568898701356, 9904.4762607621, 11065.284677765863, 10869.536558657872, 10511.598356101702, 9902.702863360084, 9627.130881004994, 8789.131071954724, 8861.895959669127, 9118.586732602811, 9311.511638826427, 11549.346301847563, 10442.486533388492, 9070.0, 9282.5387152438], [7150.0, 5175.0, 0.0, 1975.0, 8337.764928324617, 7713.232072224976, 6522.37111792943, 5898.152253036539, 1221.9754498352247, 637.4550964577819, 706.6293229126569, 1297.5746606650425, 2071.5332485866597, 625.0, 2311.730953203681, 5212.604915011304, 7177.264451028679, 9376.91847037181, 7194.061787335441, 5235.709121026492, 795.0, 2129.0021136673395, 1679.1962362987836, 1278.7982639963193, 1241.913443038604, 1621.4882053225056, 5993.680004805061, 6608.882280688619, 7786.523550340036, 8405.612648700866, 7289.643338325956, 5366.285959581356, 1420.0, 2432.4935765588366, 3225.3875736103405, 2550.0, 5769.152884089656, 7591.1132253444885, 8809.189747076629, 8220.550407363244, 7115.1124376217695, 6547.648432834493, 3094.6282490793624, 2913.7345452185587, 2929.6458830377437, 3125.2519898401792, 3739.150973148851, 3175.0, 3932.8869803237417, 6071.346638102621, 7823.242614159425, 9902.025045413691, 7893.764944562259, 6161.9518011746895, 3345.0, 3884.5398697915302, 3870.813867909435, 3714.6769711510583, 3702.1411372339658, 3846.1310430093254, 6934.529544244512, 7472.671878250777, 8531.907699922685, 9100.42987995622, 8178.227191757392, 6522.386449759015, 3970.0, 4434.131820322891, 5469.060705459394, 5100.0, 7265.715725240012, 8782.511030451371, 9934.300377983343, 9416.259820119663, 8468.372039536289, 7997.51211315119, 5537.618982920367, 5438.59807303316, 5447.139157392621, 5554.790725130876, 6056.091974202505, 5725.0, 7717.269594876157, 9159.591966894595, 11008.11518835082, 9266.796911554715, 7844.211241418731, 6212.575955270085, 5895.0, 6217.045118060509, 6336.536909069496, 6242.3813565017, 6234.929751007625, 6321.489065085852, 8558.983584515161, 9000.518040646328, 9897.572884298454, 10391.646837725, 9676.409458058293, 8324.123076937294, 6520.0, 6812.563761169506, 7900.830652532682, 7650.0, 9235.969088298207, 10471.15084410496, 11523.186364890573, 11079.686322274652, 10286.244455582417, 9902.206824743664, 8047.280534441434, 7979.464205070413, 7985.288034880145, 8059.1066502435615, 8507.423229156993, 8275.0, 9759.930839918898, 10936.092766614593, 12542.412048724918, 11065.284677765863, 9904.4762607621, 8644.62838993094, 8445.0, 8672.868614247538, 8850.152541058262, 8782.984970953781, 8777.690413770584, 8839.384820223633, 10556.026714630842, 10917.088668688186, 11667.709672425004, 12089.657728819291, 9282.5387152438, 9070.0, 10442.486533388492, 11549.346301847563], [9125.0, 7150.0, 1975.0, 0.0, 10311.660826462437, 9686.961546326072, 8495.657714385627, 7871.106974244474, 3172.183632767813, 2550.9065055387664, 1375.3908535394585, 779.310592767736, 625.0, 2071.5332485866597, 4234.940967711356, 7177.264451028679, 9146.37906496336, 11347.234244519675, 9159.566037755283, 7194.061787335441, 2129.0021136673395, 795.0, 1320.3503322982124, 1740.0287353949072, 2764.6200462269676, 3346.453197043102, 7942.941835365534, 8562.254376039058, 9745.420668190778, 10366.59775432615, 9234.826744449514, 7289.643338325956, 2432.4935765588366, 1420.0, 2550.0, 3225.3875736103405, 7591.1132253444885, 9474.604213369548, 10696.440950147857, 10095.579428641033, 8958.77781843037, 8368.860436164532, 4259.841428973618, 3819.7675321935494, 3158.3540016913876, 2948.020522316627, 3175.0, 3739.150973148851, 5297.001510288627, 7823.242614159425, 9661.586308676231, 11784.872718871426, 9718.778215393126, 7893.764944562259, 3884.5398697915302, 3345.0, 3729.1855679223045, 3897.5889983424368, 4450.46334666403, 4833.45104454364, 8674.896252981935, 9245.306917566339, 10350.687126949591, 10937.54309705795, 9951.207213197804, 8178.227191757392, 4434.131820322891, 3970.0, 5100.0, 5469.060705459394, 8782.511030451371, 10453.49821829994, 11640.547624575056, 11090.952348648874, 10067.184313401638, 9546.010946987228, 6263.764762505054, 5973.2004821536, 5573.481856075249, 5457.043613532881, 5725.0, 6056.091974202505, 9159.591966894595, 10772.244427230567, 12728.382654524494, 10863.546842537202, 9266.796911554715, 7154.489849038854, 6217.045118060509, 5895.0, 6251.025915799742, 6352.9284585929345, 6706.3495286183825, 6966.401438332419, 10021.094002153657, 10518.754679143345, 11502.400792877981, 12033.218563626275, 11214.991083366942, 9676.409458058293, 6812.563761169506, 6520.0, 7650.0, 7900.830652532682, 10471.15084410496, 11907.481891651149, 13022.897104715217, 12534.062549708295, 11637.942257976709, 11190.166442015061, 8563.191519521211, 8353.000897880953, 8072.000991080216, 7992.047609968299, 8275.0, 8507.423229156993, 10936.092766614593, 12318.329838090876, 14076.406679263, 12433.167335799837, 11065.284677765863, 9344.52914811656, 8672.868614247538, 8445.0, 8789.131071954724, 8861.895959669127, 9118.586732602811, 9311.511638826427, 11772.672806121811, 12199.086031338577, 13056.750131636893, 13526.708727550838, 9070.0, 9282.5387152438, 11549.346301847563, 12865.866663384943], [1221.9754498352247, 3172.183632767813, 8337.764928324617, 10311.660826462437, 0.0, 625.0, 1817.0, 2442.0, 7150.0, 7775.0, 8967.0, 9592.0, 10311.812352831097, 8337.95232656076, 6145.032465333279, 3172.676157441853, 1223.2534487995526, 1093.7659713119622, 1277.634141685326, 3194.037257140248, 8346.103821544517, 10318.404624746987, 9625.303319895951, 9002.615675457882, 7816.049193806293, 7194.61604256961, 2569.7011499394243, 1985.3183623791929, 1015.1970252123476, 800.0, 1621.4882053225056, 3346.453197043102, 8405.612648700866, 10366.59775432615, 10547.599205506436, 8627.851644528897, 3870.9493667574625, 2532.730542319889, 2550.0, 2625.476147292144, 3131.1322233339174, 3530.7030461368454, 7591.1132253444885, 8182.488924526571, 9322.531254975764, 9925.168210161479, 10697.778928357046, 8810.814321048878, 6804.698670771542, 4263.19997185213, 3099.249747922874, 3120.7088938252477, 3257.0460543259132, 4379.254959465137, 8867.550338171191, 10744.555551533995, 10160.165549832345, 9572.334563731045, 8465.998169146978, 7895.8850042284685, 4145.583674224898, 3811.0351612127643, 3407.803544807124, 3350.0, 3846.1310430093254, 4833.45104454364, 9100.42987995622, 10937.54309705795, 11365.66535667842, 9610.740033941194, 5736.789084496658, 4933.682600249027, 5100.0, 5138.1538513361, 5414.008588836926, 5654.499447342797, 8782.511030451371, 9298.420564805616, 10315.865887069296, 10863.538281793828, 11642.87224013044, 9937.024152129248, 6268.083758215105, 5542.503856561581, 5593.417917516981, 5708.7081726078795, 6415.518217572139, 8237.197581702165, 10030.67540098871, 11722.903821152846, 11261.281632212205, 10733.92234926264, 9760.154968032013, 9269.978425001862, 6385.402414883497, 6173.450331864669, 5933.011461306981, 5900.0, 6321.489065085852, 6966.401438332419, 10391.646837725, 12033.218563626275, 12653.452058628112, 11103.955331322259, 7990.134479469041, 7434.562798174483, 7650.0, 7675.488583797125, 7862.823220701328, 8030.309084960553, 10471.15084410496, 10907.48023147418, 11786.839652765282, 12269.024574105311, 13025.953861426042, 11526.640837642162, 8567.839517638038, 8052.226338100538, 8114.112644029537, 8220.422677697297, 8726.10302483302, 10119.482397830434, 11644.76058148041, 13130.593055913354, 12783.151567590834, 12321.103400264117, 11482.731600102825, 11069.101137852162, 8795.786718651152, 8643.146938470964, 8473.082378922089, 8450.0, 13526.708727550838, 12089.657728819291, 9311.511638826427, 8839.384820223633], [637.4550964577819, 2550.9065055387664, 7713.232072224976, 9686.961546326072, 625.0, 0.0, 1192.0, 1817.0, 6525.0, 7150.0, 8342.0, 8967.0, 9687.12284427115, 7713.434643529431, 5521.507855649578, 2551.5189593651858, 639.9015549285687, 1690.9905381166388, 738.5621165480937, 2578.03200135297, 7722.245398846116, 9694.139930906713, 9002.615675457882, 8380.272310611392, 7194.61604256961, 6573.859216624584, 1985.3183623791929, 1435.5709665495467, 800.0, 1015.1970252123476, 1241.913443038604, 2764.6200462269676, 7786.523550340036, 9745.420668190778, 9937.742399559369, 8025.923560562984, 3380.624794324268, 2308.213378351317, 2625.476147292144, 2550.0, 2814.847065117393, 3131.1322233339174, 7005.578134601026, 7591.1132253444885, 8723.042129899408, 9322.531254975764, 10096.997028820004, 8222.291286496727, 6247.363363851986, 3823.5126519994674, 2918.6424926667532, 3376.6772128825105, 3085.688577935239, 3952.499082858844, 8283.059458919754, 10146.543697239962, 9572.334563731045, 8989.519675711266, 7895.8850042284685, 7334.720512739392, 3811.0351612127643, 3555.75083491518, 3350.0, 3407.803544807124, 3702.1411372339658, 4450.46334666403, 8531.907699922685, 10350.687126949591, 10802.093500798816, 9074.246470093261, 5418.036913864652, 4822.276329701565, 5138.1538513361, 5100.0, 5237.448233634391, 5414.008588836926, 8281.643858558517, 8782.511030451371, 9777.472270479728, 10315.865887069296, 11093.39213225603, 9419.133399628652, 5977.729418433056, 5443.571805349866, 5740.161060458147, 5612.706477271015, 6132.148807718221, 7783.125914438234, 9517.881802165857, 11177.358766721232, 10733.92234926264, 10217.581122751119, 9269.978425001862, 8796.909968847016, 6173.450331864669, 6019.207921313236, 5900.0, 5933.011461306981, 6234.929751007625, 6706.3495286183825, 9897.572884298454, 11502.400792877981, 12149.762302201636, 10643.0, 7764.446148953575, 7361.103789514179, 7675.488583797125, 7650.0, 7742.309991210634, 7862.823220701328, 10054.756337176948, 10471.15084410496, 11318.633486424056, 11786.839652765282, 12537.23849178917, 11083.27902743588, 8357.765789970428, 7984.452016262607, 8215.956974084029, 8154.046480122614, 8519.932452783883, 9753.437804179612, 11206.073085608536, 12645.922228133462, 12321.103400264117, 11873.98265115795, 11069.101137852162, 10676.053812153626, 8643.146938470964, 8533.660644764355, 8450.0, 8473.082378922089, 13056.750131636893, 11667.709672425004, 9118.586732602811, 8777.690413770584], [706.6293229126569, 1375.3908535394585, 6522.37111792943, 8495.657714385627, 1817.0, 1192.0, 0.0, 625.0, 5333.0, 5958.0, 7150.0, 7775.0, 8495.841629879878, 6522.610673649011, 4333.500317295477, 1376.5264254637468, 708.8370757797592, 2863.079635637123, 799.0306627407987, 1425.0701737107545, 6533.027628902239, 8503.841778866772, 7816.049193806293, 7194.61604256961, 6011.469371127162, 5392.6699324175215, 1015.1970252123476, 800.0, 1435.5709665495467, 1985.3183623791929, 1278.7982639963193, 1740.0287353949072, 6608.882280688619, 8562.254376039058, 8780.529596784012, 6889.326890197619, 2610.2107194630858, 2328.266522544187, 3131.1322233339174, 2814.847065117393, 2550.0, 2625.476147292144, 5911.293344099919, 6480.761066418048, 7591.1132253444885, 8182.488924526571, 8960.375271159128, 7117.123716783347, 5227.018748770661, 3162.882387949321, 2934.527219161547, 4091.4209023272097, 3100.717658865444, 3317.6535382706857, 7187.242169288579, 9016.170195820396, 8465.998169146978, 7895.8850042284685, 6835.222308016031, 6297.887661748184, 3407.803544807124, 3350.0, 3555.75083491518, 3811.0351612127643, 3714.6769711510583, 3897.5889983424368, 7472.671878250777, 9245.306917566339, 9748.035699565324, 8086.366613009825, 4973.90188885949, 4831.9069734422665, 5414.008588836926, 5237.448233634391, 5100.0, 5138.1538513361, 7379.084563819552, 7842.6885696169265, 8782.511030451371, 9298.420564805616, 10069.87214417343, 8471.567151359895, 5578.33532516646, 5452.105098033236, 6187.6671694589395, 5620.983010114868, 5743.502851048304, 6990.652687696622, 8581.226602298764, 10162.29919850818, 9760.154968032013, 9269.978425001862, 8384.97251039024, 7953.0427510481795, 5933.011461306981, 5900.0, 6019.207921313236, 6173.450331864669, 6242.3813565017, 6352.9284585929345, 9000.518040646328, 10518.754679143345, 11222.998708010262, 9814.317347630451, 7461.313557276628, 7367.416439974057, 7862.823220701328, 7742.309991210634, 7650.0, 7675.488583797125, 9325.416290975969, 9696.404694524666, 10471.15084410496, 10907.48023147418, 11641.36267796859, 10290.114187898986, 8076.9316575046, 7990.272210632126, 8534.61920650242, 8159.7457068219965, 8244.62400598111, 9133.549419584919, 10422.257433013252, 11758.330025985833, 11482.731600102825, 11069.101137852162, 10339.258387331269, 9992.166381721234, 8473.082378922089, 8450.0, 8533.660644764355, 8643.146938470964, 12199.086031338577, 10917.088668688186, 8861.895959669127, 8782.984970953781], [1297.5746606650425, 779.310592767736, 5898.152253036539, 7871.106974244474, 2442.0, 1817.0, 625.0, 0.0, 4708.0, 5333.0, 6525.0, 7150.0, 7871.305482574031, 5898.417160560958, 3711.616898334202, 781.3129974600448, 1298.7782720695632, 3483.0446451344833, 1350.120365004543, 863.973379219522, 5909.934432800418, 7879.939720581624, 7194.61604256961, 6573.859216624584, 5392.6699324175215, 4775.485734456758, 800.0, 1015.1970252123476, 1985.3183623791929, 2569.7011499394243, 1679.1962362987836, 1320.3503322982124, 5993.680004805061, 7942.941835365534, 8177.764058714338, 6301.5632981030985, 2351.3453595760875, 2570.0583650960148, 3530.7030461368454, 3131.1322233339174, 2625.476147292144, 2550.0, 5354.228609239617, 5911.293344099919, 7005.578134601026, 7591.1132253444885, 8370.570470404033, 6549.83396736131, 4724.256555268776, 2952.8714838272253, 3129.828270049333, 4546.878049827156, 3286.156569611375, 3118.0843478007455, 6625.958421239904, 8430.269865194115, 7895.8850042284685, 7334.720512739392, 6297.887661748184, 5778.214603145162, 3350.0, 3407.803544807124, 3811.0351612127643, 4145.583674224898, 3870.813867909435, 3729.1855679223045, 6934.529544244512, 8674.896252981935, 9208.817785144845, 7591.850894215455, 4843.069790948712, 4952.948616733269, 5654.499447342797, 5414.008588836926, 5138.1538513361, 5100.0, 6940.840294949884, 7379.084563819552, 8281.643858558517, 8782.511030451371, 9548.845479952013, 8000.895262406577, 5462.000549249332, 5559.660511218289, 6497.815017373147, 5725.36680047663, 5630.581675102493, 6623.148797966115, 8116.915978375038, 9646.26611700092, 9269.978425001862, 8796.909968847016, 7953.0427510481795, 7548.196075884622, 5900.0, 5933.011461306981, 6173.450331864669, 6385.402414883497, 6336.536909069496, 6251.025915799742, 8558.983584515161, 10021.094002153657, 10757.965653412359, 9411.041387646746, 7374.74236838142, 7447.361949039405, 8030.309084960553, 7862.823220701328, 7675.488583797125, 7650.0, 8982.636806639797, 9325.416290975969, 10054.756337176948, 10471.15084410496, 11193.723687852938, 9906.226577259375, 7997.027572792281, 8064.045200766176, 8762.083085659482, 8232.000060738581, 8166.360878628864, 8855.427714119742, 10043.42197659742, 11315.319261956332, 11069.101137852162, 10676.053812153626, 9992.166381721234, 9673.043161280735, 8450.0, 8473.082378922089, 8643.146938470964, 8795.786718651152, 11772.672806121811, 10556.026714630842, 8789.131071954724, 8850.152541058262], [5976.045849891047, 4005.0154806192695, 1221.9754498352247, 3172.183632767813, 7150.0, 6525.0, 5333.0, 4708.0, 0.0, 625.0, 1817.0, 2442.0, 3172.676157441853, 1223.2534487995526, 1093.7659713119622, 4005.40559743954, 5976.307304682382, 8177.788454099311, 5987.674757366168, 4022.3468274130714, 1277.634141685326, 3194.037257140248, 2569.7011499394243, 1985.3183623791929, 1015.1970252123476, 800.0, 4775.485734456758, 5392.6699324175215, 6573.859216624584, 7194.61604256961, 6070.3479307202815, 4144.411779734249, 1621.4882053225056, 3346.453197043102, 3870.9493667574625, 2532.730542319889, 4578.389345610528, 6374.529315957375, 7591.1132253444885, 7005.578134601026, 5911.293344099919, 5354.228609239617, 2550.0, 2625.476147292144, 3131.1322233339174, 3530.7030461368454, 4263.19997185213, 3099.249747922874, 3120.7088938252477, 4914.4963119326885, 6620.064123556508, 8684.395430886367, 6695.39013053011, 5015.503364568705, 3257.0460543259132, 4379.254959465137, 4145.583674224898, 3811.0351612127643, 3407.803544807124, 3350.0, 5778.214603145162, 6297.887661748184, 7334.720512739392, 7895.8850042284685, 7000.901656215434, 5416.60862533006, 3846.1310430093254, 4833.45104454364, 5736.789084496658, 4933.682600249027, 6236.036321254071, 7652.524028057671, 8782.511030451371, 8281.643858558517, 7379.084563819552, 6940.840294949884, 5100.0, 5138.1538513361, 5414.008588836926, 5654.499447342797, 6268.083758215105, 5542.503856561581, 6728.02155168962, 8058.489250473689, 9847.142935897702, 8173.692494827536, 6865.586209494423, 5593.417917516981, 5708.7081726078795, 6415.518217572139, 6385.402414883497, 6173.450331864669, 5933.011461306981, 5900.0, 7548.196075884622, 7953.0427510481795, 8796.909968847016, 9269.978425001862, 8612.846451667416, 7382.9634294096295, 6321.489065085852, 6966.401438332419, 7990.134479469041, 7434.562798174483, 8355.81528039006, 9460.054122466741, 10471.15084410496, 10054.756337176948, 9325.416290975969, 8982.636806639797, 7650.0, 7675.488583797125, 7862.823220701328, 8030.309084960553, 8567.839517638038, 8052.226338100538, 8909.841412730082, 9952.801063017385, 11468.161317316739, 10089.363161270388, 9062.134075370988, 8114.112644029537, 8220.422677697297, 8726.10302483302, 8795.786718651152, 8643.146938470964, 8473.082378922089, 8450.0, 9673.043161280735, 9992.166381721234, 10676.053812153626, 11069.101137852162, 9311.511638826427, 8839.384820223633, 9627.130881004994, 10599.746412060998], [6600.284009040823, 4628.393241720068, 637.4550964577819, 2550.9065055387664, 7775.0, 7150.0, 5958.0, 5333.0, 625.0, 0.0, 1192.0, 1817.0, 2551.5189593651858, 639.9015549285687, 1690.9905381166388, 4628.730819565985, 6600.520737032799, 8802.093444175653, 6610.814927072153, 4643.398432183049, 738.5621165480937, 2578.03200135297, 1985.3183623791929, 1435.5709665495467, 800.0, 1015.1970252123476, 5392.6699324175215, 6011.469371127162, 7194.61604256961, 7816.049193806293, 6685.787089041948, 4749.528818735602, 1241.913443038604, 2764.6200462269676, 3380.624794324268, 2308.213378351317, 5132.594275802443, 6963.134997973255, 8182.488924526571, 7591.1132253444885, 6480.761066418048, 5911.293344099919, 2625.476147292144, 2550.0, 2814.847065117393, 3131.1322233339174, 3823.5126519994674, 2918.6424926667532, 3376.6772128825105, 5434.533006616116, 7188.593325540122, 9274.661664988109, 7258.021355713966, 5526.042797517949, 3085.688577935239, 3952.499082858844, 3811.0351612127643, 3555.75083491518, 3350.0, 3407.803544807124, 6297.887661748184, 6835.222308016031, 7895.8850042284685, 8465.998169146978, 7540.7724405394965, 5892.497263469878, 3702.1411372339658, 4450.46334666403, 5418.036913864652, 4822.276329701565, 6653.572273598596, 8149.340402756532, 9298.420564805616, 8782.511030451371, 7842.6885696169265, 7379.084563819552, 5138.1538513361, 5100.0, 5237.448233634391, 5414.008588836926, 5977.729418433056, 5443.571805349866, 7116.751295359421, 8531.698189692366, 10371.443920689153, 8640.594539729313, 7246.940664859897, 5740.161060458147, 5612.706477271015, 6132.148807718221, 6173.450331864669, 6019.207921313236, 5900.0, 5933.011461306981, 7953.0427510481795, 8384.97251039024, 9269.978425001862, 9760.154968032013, 9057.138013743635, 7738.864516193574, 6234.929751007625, 6706.3495286183825, 7764.446148953575, 7361.103789514179, 8671.88122612389, 9866.268240829457, 10907.48023147418, 10471.15084410496, 9696.404694524666, 9325.416290975969, 7675.488583797125, 7650.0, 7742.309991210634, 7862.823220701328, 8357.765789970428, 7984.452016262607, 9206.907678477068, 10339.674753105148, 11921.382008810891, 10471.1925777344, 9354.36523768449, 8215.956974084029, 8154.046480122614, 8519.932452783883, 8643.146938470964, 8533.660644764355, 8450.0, 8473.082378922089, 9992.166381721234, 10339.258387331269, 11069.101137852162, 11482.731600102825, 9118.586732602811, 8777.690413770584, 9902.702863360084, 10963.815439891352], [7791.169681119774, 5818.264346005602, 706.6293229126569, 1375.3908535394585, 8967.0, 8342.0, 7150.0, 6525.0, 1817.0, 1192.0, 0.0, 625.0, 1376.5264254637468, 708.8370757797592, 2863.079635637123, 5818.532890686449, 7791.370226089888, 9993.008806160435, 7800.092948164143, 5830.207972276804, 799.0306627407987, 1425.0701737107545, 1015.1970252123476, 800.0, 1435.5709665495467, 1985.3183623791929, 6573.859216624584, 7194.61604256961, 8380.272310611392, 9002.615675457882, 7863.734799699187, 5915.082417008236, 1278.7982639963193, 1740.0287353949072, 2610.2107194630858, 2328.266522544187, 6226.853137821704, 8100.853350110715, 9322.531254975764, 8723.042129899408, 7591.1132253444885, 7005.578134601026, 3131.1322233339174, 2814.847065117393, 2550.0, 2625.476147292144, 3162.882387949321, 2934.527219161547, 4091.4209023272097, 6477.987727682108, 8295.447546696923, 10411.662931539802, 8355.683694348416, 6554.94660542708, 3100.717658865444, 3317.6535382706857, 3407.803544807124, 3350.0, 3555.75083491518, 3811.0351612127643, 7334.720512739392, 7895.8850042284685, 8989.519675711266, 9572.334563731045, 8602.431342358974, 6866.70954679168, 3714.6769711510583, 3897.5889983424368, 4973.90188885949, 4831.9069734422665, 7529.953519112851, 9140.586687953897, 10315.865887069296, 9777.472270479728, 8782.511030451371, 8281.643858558517, 5414.008588836926, 5237.448233634391, 5100.0, 5138.1538513361, 5578.33532516646, 5452.105098033236, 7942.186411813815, 9483.061214607866, 11399.571263867778, 9581.150765957083, 8059.052363646733, 6187.6671694589395, 5620.983010114868, 5743.502851048304, 5933.011461306981, 5900.0, 6019.207921313236, 6173.450331864669, 8796.909968847016, 9269.978425001862, 10217.581122751119, 10733.92234926264, 9958.4298461153, 8504.128409190445, 6242.3813565017, 6352.9284585929345, 7461.313557276628, 7367.416439974057, 9361.180481114548, 10699.61798383475, 11786.839652765282, 11318.633486424056, 10471.15084410496, 10054.756337176948, 7862.823220701328, 7742.309991210634, 7650.0, 7675.488583797125, 8076.9316575046, 7990.272210632126, 9858.870371396511, 11137.65908977286, 12825.861569500896, 11259.860123465121, 9996.71571067218, 8534.61920650242, 8159.7457068219965, 8244.62400598111, 8473.082378922089, 8450.0, 8533.660644764355, 8643.146938470964, 10676.053812153626, 11069.101137852162, 11873.98265115795, 12321.103400264117, 8861.895959669127, 8782.984970953781, 10511.598356101702, 11719.378183163133], [8415.711496956155, 6442.46265026038, 1297.5746606650425, 779.310592767736, 9592.0, 8967.0, 7775.0, 7150.0, 2442.0, 1817.0, 625.0, 0.0, 781.3129974600448, 1298.7782720695632, 3483.0446451344833, 6442.70517717519, 8415.897159542767, 10617.537379260786, 8423.973231201533, 6453.251118622303, 1350.120365004543, 863.973379219522, 800.0, 1015.1970252123476, 1985.3183623791929, 2569.7011499394243, 7194.61604256961, 7816.049193806293, 9002.615675457882, 9625.303319895951, 8482.935812559235, 6530.032542032237, 1679.1962362987836, 1320.3503322982124, 2351.3453595760875, 2570.0583650960148, 6813.723284666027, 8703.200560713283, 9925.168210161479, 9322.531254975764, 8182.488924526571, 7591.1132253444885, 3530.7030461368454, 3131.1322233339174, 2625.476147292144, 2550.0, 2952.8714838272253, 3129.828270049333, 4546.878049827156, 7043.965502470892, 8884.611696635931, 11012.47474457944, 8940.879431017958, 7114.8049867863565, 3286.156569611375, 3118.0843478007455, 3350.0, 3407.803544807124, 3811.0351612127643, 4145.583674224898, 7895.8850042284685, 8465.998169146978, 9572.334563731045, 10160.165549832345, 9171.8972955436, 7403.028096664229, 3870.813867909435, 3729.1855679223045, 4843.069790948712, 4952.948616733269, 8022.05241817828, 9678.439956935208, 10863.538281793828, 10315.865887069296, 9298.420564805616, 8782.511030451371, 5654.499447342797, 5414.008588836926, 5138.1538513361, 5100.0, 5462.000549249332, 5559.660511218289, 8410.199165299238, 10002.51593350393, 11950.820055544305, 10095.55966749739, 8520.64844950195, 6497.815017373147, 5725.36680047663, 5630.581675102493, 5900.0, 5933.011461306981, 6173.450331864669, 6385.402414883497, 9269.978425001862, 9760.154968032013, 10733.92234926264, 11261.281632212205, 10454.290985045327, 8942.780607842284, 6336.536909069496, 6251.025915799742, 7374.74236838142, 7447.361949039405, 9761.394623720527, 11162.602743088191, 12269.024574105311, 11786.839652765282, 10907.48023147418, 10471.15084410496, 8030.309084960553, 7862.823220701328, 7675.488583797125, 7650.0, 7997.027572792281, 8064.045200766176, 10239.650872954604, 11583.148319865373, 13318.20558483762, 11700.697628774107, 10372.43703282888, 8762.083085659482, 8232.000060738581, 8166.360878628864, 8450.0, 8473.082378922089, 8643.146938470964, 8795.786718651152, 11069.101137852162, 11482.731600102825, 12321.103400264117, 12783.151567590834, 8789.131071954724, 8850.152541058262, 10869.536558657872, 12143.545610734947], [9146.37906496336, 7177.264451028679, 2071.5332485866597, 625.0, 10311.812352831097, 9687.12284427115, 8495.841629879878, 7871.305482574031, 3172.676157441853, 2551.5189593651858, 1376.5264254637468, 781.3129974600448, 0.0, 1975.0, 4175.8651798160345, 7150.0, 9125.0, 11325.318980055265, 9126.583424261238, 7152.020693482367, 1982.3029536375109, 170.0, 863.973379219522, 1425.0701737107545, 2578.03200135297, 3194.037257140248, 7879.939720581624, 8503.841778866772, 9694.139930906713, 10318.404624746987, 9159.566037755283, 7194.061787335441, 2129.0021136673395, 795.0, 1925.0, 2757.9430741043225, 7404.601609809943, 9325.837763975953, 10546.53848426108, 9936.616577084978, 8779.255378447537, 8176.395905287366, 3868.0581691593006, 3377.3138734799286, 2605.921142321847, 2346.5826216010378, 2550.0, 3225.3875736103405, 4936.987948131938, 7591.1132253444885, 9474.604213369548, 11627.5040313904, 9521.765855134225, 7649.8954241218225, 3361.4022371623423, 2720.0, 3118.0843478007455, 3317.6535382706857, 3952.499082858844, 4379.254959465137, 8430.269865194115, 9016.170195820396, 10146.543697239962, 10744.555551533995, 9718.778215393126, 7893.764944562259, 3884.5398697915302, 3345.0, 4475.0, 4891.446616288478, 8434.934795242936, 10163.230293563163, 11363.559037555091, 10799.877267821148, 9745.57976725859, 9206.218007412164, 5732.614935611845, 5413.616997904451, 4969.086938261395, 4838.124636674835, 5100.0, 5469.060705459394, 8782.511030451371, 10453.49821829994, 12455.514842831668, 10537.481909830261, 8882.308258555318, 6656.939987712072, 5627.923684628284, 5270.0, 5630.581675102493, 5743.502851048304, 6132.148807718221, 6415.518217572139, 9646.26611700092, 10162.29919850818, 11177.358766721232, 11722.903821152846, 10863.546842537202, 9266.796911554715, 6217.045118060509, 5895.0, 7025.0, 7297.345407749314, 10023.628335089046, 11515.912903456678, 12650.552319958208, 12146.742320474243, 11219.72927480873, 10754.554848993053, 7985.541559593814, 7759.719646997564, 7456.394906387402, 7369.765939295495, 7650.0, 7900.830652532682, 10471.15084410496, 11907.481891651149, 13714.439470864276, 12017.405085957616, 10595.98508870223, 8789.815128886386, 8065.545548814413, 7820.0, 8166.360878628864, 8244.62400598111, 8519.932452783883, 8726.10302483302, 11315.319261956332, 11758.330025985833, 12645.922228133462, 13130.593055913354, 8445.0, 8672.868614247538, 11065.284677765863, 12433.167335799837], [7177.264451028679, 5212.604915011304, 625.0, 2071.5332485866597, 8337.95232656076, 7713.434643529431, 6522.610673649011, 5898.417160560958, 1223.2534487995526, 639.9015549285687, 708.8370757797592, 1298.7782720695632, 1975.0, 0.0, 2201.641433113031, 5175.0, 7150.0, 9350.386355653975, 7152.020693482367, 5177.791517626024, 170.0, 1982.3029536375109, 1350.120365004543, 799.0306627407987, 738.5621165480937, 1277.634141685326, 5909.934432800418, 6533.027628902239, 7722.245398846116, 8346.103821544517, 7194.061787335441, 5235.709121026492, 795.0, 2129.0021136673395, 2757.9430741043225, 1925.0, 5521.4355017513335, 7404.601609809943, 8626.554874340045, 8024.529518918851, 6887.702810081167, 6299.787694835438, 2528.3095142802435, 2303.3614566541655, 2323.45647688955, 2565.70165841627, 3225.3875736103405, 2550.0, 3432.670243411097, 5769.152884089656, 7591.1132253444885, 9714.202231784142, 7649.8954241218225, 5846.28300717644, 2720.0, 3361.4022371623423, 3286.156569611375, 3100.717658865444, 3085.688577935239, 3257.0460543259132, 6625.958421239904, 7187.242169288579, 8283.059458919754, 8867.550338171191, 7893.764944562259, 6161.9518011746895, 3345.0, 3884.5398697915302, 4891.446616288478, 4475.0, 6841.509336396465, 8434.934795242936, 9608.249008013896, 9071.608126456962, 8083.405841599196, 7588.697187264755, 4928.828359762591, 4817.309830185308, 4826.950383005817, 4948.1132767955105, 5469.060705459394, 5100.0, 7265.715725240012, 8782.511030451371, 10691.432317514806, 8882.308258555318, 7386.0358109069575, 5632.426209015081, 5270.0, 5627.923684628284, 5725.36680047663, 5620.983010114868, 5612.706477271015, 5708.7081726078795, 8116.915978375038, 8581.226602298764, 9517.881802165857, 10030.67540098871, 9266.796911554715, 7844.211241418731, 5895.0, 6217.045118060509, 7297.345407749314, 7025.0, 8725.322343615737, 10023.628335089046, 11100.650836775292, 10639.552340206801, 9810.57847427969, 9407.142233430937, 7429.626437446233, 7356.118133907313, 7362.435059136345, 7442.434077638847, 7900.830652532682, 7650.0, 9235.969088298207, 10471.15084410496, 12134.77338066105, 10595.98508870223, 9377.261060672246, 8041.779964659565, 7820.0, 8065.545548814413, 8232.000060738581, 8159.7457068219965, 8154.046480122614, 8220.422677697297, 10043.42197659742, 10422.257433013252, 11206.073085608536, 11644.76058148041, 8672.868614247538, 8445.0, 9904.4762607621, 11065.284677765863], [5000.659956445749, 3058.5494928151807, 2311.730953203681, 4234.940967711356, 6145.032465333279, 5521.507855649578, 4333.500317295477, 3711.616898334202, 1093.7659713119622, 1690.9905381166388, 2863.079635637123, 3483.0446451344833, 4175.8651798160345, 2201.641433113031, 0.0, 2976.2140380019714, 4950.729744189234, 7150.0, 4950.729744189234, 2976.2140380019714, 2201.641433113031, 4175.8651798160345, 3483.0446451344833, 2863.079635637123, 1690.9905381166388, 1093.7659713119622, 3711.616898334202, 4333.500317295477, 5521.507855649578, 6145.032465333279, 5000.659956445749, 3058.5494928151807, 2311.730953203681, 4234.940967711356, 4562.480136943064, 2868.0306832389365, 3498.031589337066, 5280.91848071905, 6497.993844256856, 5911.814357707793, 4820.967226605051, 4270.667395150318, 2378.828282999847, 2705.910013285734, 3558.0507303859513, 4073.585644122387, 4848.386329491494, 3303.9710955152136, 2550.0, 3863.528180303594, 5529.803341892006, 7591.1132253444885, 5607.648794280897, 3974.1477073707265, 3432.670243411097, 4936.987948131938, 4546.878049827156, 4091.4209023272097, 3376.6772128825105, 3120.7088938252477, 4724.256555268776, 5227.018748770661, 6247.363363851986, 6804.698670771542, 5927.065040979389, 4413.414211242811, 3932.8869803237417, 5297.001510288627, 6058.277395431807, 4910.407315080899, 5303.086365504526, 6616.237601537599, 7726.022521323634, 7239.961947413813, 6380.378123591109, 5975.458141431501, 4808.983676412304, 4978.900380606144, 5488.827288228334, 5836.2316609264235, 6525.4003708584805, 5476.333171018725, 5831.024781288449, 7046.468973890398, 8782.511030451371, 7168.453459429028, 5977.863330655862, 5100.0, 5632.426209015081, 6656.939987712072, 6497.815017373147, 6187.6671694589395, 5740.161060458147, 5593.417917516981, 6623.148797966115, 6990.652687696622, 7783.125914438234, 8237.197581702165, 7632.732145175802, 6527.382706720972, 6212.575955270085, 7154.489849038854, 8099.0261760288195, 7280.3571340972, 7550.77645014074, 8524.441330667953, 9495.468603497144, 9104.36977500365, 8436.926276790618, 8135.023048522973, 7321.121771969102, 7433.838106927, 7784.582519313415, 8033.311894853828, 8640.593150935878, 7878.402439581263, 8128.951346883558, 9040.559993717203, 10471.15084410496, 9183.285087592565, 8287.391024924551, 7650.0, 8041.779964659565, 8789.815128886386, 8762.083085659482, 8534.61920650242, 8215.956974084029, 8114.112644029537, 8855.427714119742, 9133.549419584919, 9753.437804179612, 10119.482397830434, 9344.52914811656, 8644.62838993094, 8873.568898701356, 9715.55968537068], [2071.5332485866597, 625.0, 5212.604915011304, 7177.264451028679, 3172.676157441853, 2551.5189593651858, 1376.5264254637468, 781.3129974600448, 4005.40559743954, 4628.730819565985, 5818.532890686449, 6442.70517717519, 7150.0, 5175.0, 2976.2140380019714, 0.0, 1975.0, 4175.8651798160345, 1982.3029536375109, 170.0, 5177.791517626024, 7152.020693482367, 6453.251118622303, 5830.207972276804, 4643.398432183049, 4022.3468274130714, 863.973379219522, 1425.0701737107545, 2578.03200135297, 3194.037257140248, 2129.0021136673395, 795.0, 5235.709121026492, 7194.061787335441, 7404.601609809943, 5521.4355017513335, 1925.0, 2757.9430741043225, 3868.0581691593006, 3377.3138734799286, 2605.921142321847, 2346.5826216010378, 4575.94514827265, 5130.414115838993, 6225.056224645686, 6812.081179786394, 7591.1132253444885, 5769.152884089656, 3974.1477073707265, 2550.0, 3225.3875736103405, 4936.987948131938, 3361.4022371623423, 2720.0, 5846.28300717644, 7649.8954241218225, 7114.8049867863565, 6554.94660542708, 5526.042797517949, 5015.503364568705, 3118.0843478007455, 3317.6535382706857, 3952.499082858844, 4379.254959465137, 3884.5398697915302, 3345.0, 6161.9518011746895, 7893.764944562259, 8434.934795242936, 6841.509336396465, 4475.0, 4891.446616288478, 5732.614935611845, 5413.616997904451, 4969.086938261395, 4838.124636674835, 6232.196563010509, 6649.973608970189, 7526.773877299623, 8019.067900947092, 8782.511030451371, 7265.715725240012, 5100.0, 5469.060705459394, 6656.939987712072, 5627.923684628284, 5270.0, 5977.863330655862, 7386.0358109069575, 8882.308258555318, 8520.64844950195, 8059.052363646733, 7246.940664859897, 6865.586209494423, 5630.581675102493, 5743.502851048304, 6132.148807718221, 6415.518217572139, 6217.045118060509, 5895.0, 7844.211241418731, 9266.796911554715, 10023.628335089046, 8725.322343615737, 7025.0, 7297.345407749314, 7985.541559593814, 7759.719646997564, 7456.394906387402, 7369.765939295495, 8351.423471480775, 8667.64956605884, 9357.26054996867, 9757.635471772863, 10471.15084410496, 9235.969088298207, 7650.0, 7900.830652532682, 8789.815128886386, 8065.545548814413, 7820.0, 8287.391024924551, 9377.261060672246, 10595.98508870223, 10372.43703282888, 9996.71571067218, 9354.36523768449, 9062.134075370988, 8166.360878628864, 8244.62400598111, 8519.932452783883, 8726.10302483302, 11065.284677765863, 9904.4762607621, 8445.0, 8672.868614247538], [625.0, 2071.5332485866597, 7177.264451028679, 9146.37906496336, 1223.2534487995526, 639.9015549285687, 708.8370757797592, 1298.7782720695632, 5976.307304682382, 6600.520737032799, 7791.370226089888, 8415.897159542767, 9125.0, 7150.0, 4950.729744189234, 1975.0, 0.0, 2201.641433113031, 170.0, 1982.3029536375109, 7152.020693482367, 9126.583424261238, 8423.973231201533, 7800.092948164143, 6610.814927072153, 5987.674757366168, 1350.120365004543, 799.0306627407987, 738.5621165480937, 1277.634141685326, 795.0, 2129.0021136673395, 7194.061787335441, 9159.566037755283, 9325.837763975953, 7404.601609809943, 2757.9430741043225, 1925.0, 2528.3095142802435, 2303.3614566541655, 2323.45647688955, 2565.70165841627, 6372.774042754066, 6961.528136838922, 8099.4722050266955, 8701.915019120792, 9474.604213369548, 7591.1132253444885, 5607.648794280897, 3225.3875736103405, 2550.0, 3432.670243411097, 2720.0, 3361.4022371623423, 7649.8954241218225, 9521.765855134225, 8940.879431017958, 8355.683694348416, 7258.021355713966, 6695.39013053011, 3286.156569611375, 3100.717658865444, 3085.688577935239, 3257.0460543259132, 3345.0, 3884.5398697915302, 7893.764944562259,