{"TourSize": 100, "DistanceMatrix": [[0.0, 1134.3465019491073, 421.26654102361374, 359.28688966479143, 521.0002554951388, 626.7391279416022, 698.3522377711695, 55.35992096273262, 498.51398622004587, 547.1817958092173, 588.56597273118, 324.64457333520915, 232.41832662034204, 278.48954115370293, 129.5574982469174, 758.8960930193276, 735.8482639029598, 87.72936564799728, 834.1830512909023, 516.2490276416993, 256.83892833057837, 551.1910620247755, 1050.0763724011936, 759.2498162735438, 824.8828861287705, 512.181422795673, 655.6631928337902, 803.3187849079592, 913.7441514813706, 445.7451581739952, 878.2772415046402, 390.55997431380496, 519.9189578588187, 657.4641950965847, 957.1095156662703, 501.6857884792033, 817.3693243357008, 798.0857388088075, 846.6372435593712, 767.6644920696866, 600.9762761914983, 734.05124186261, 791.1715635806751, 866.3666540781738, 786.7707156077939, 752.7119711390275, 546.3228401055552, 377.3277862234505, 259.85244960938894, 748.8633864470876, 240.93032775771505, 694.2253371118055, 591.0210164198901, 824.7686627661117, 866.0971920092808, 746.2936849290634, 573.7846467743799, 969.5461928397224, 814.2634814161814, 21.66001285779854, 565.7968896432712, 93.6994568660886, 159.07490438155224, 370.17465652986016, 315.24228207047355, 837.9755238478031, 182.55733399948627, 213.77294762428758, 102.91903532874758, 840.5635012567462, 130.72240131289664, 784.2254262812447, 756.0841553544157, 525.9770563560734, 281.36788731125665, 874.390778112967, 821.2094712635748, 478.1662276206884, 585.7551017225544, 374.6884496130218, 402.810693737145, 287.7102708003314, 244.28997823490425, 929.584574705282, 294.62140316854106, 172.54164284890766, 172.49979484045772, 925.2022171720083, 1149.5788394710864, 219.38814207016753, 311.40918375186044, 668.9491823935507, 864.6011275784921, 693.8678442362061, 795.0526219219706, 886.3857091540617, 166.2945209349965, 766.4438962063695, 543.5958804884378, 820.0471523449123], [1134.3465019491073, 0.0, 807.3109240730464, 953.3741069392414, 759.3179783490418, 603.325391525598, 752.5016853129938, 1099.0532836840878, 1007.9980575901901, 758.9753712451518, 641.4743557514174, 1073.36765693353, 928.1486437316364, 1088.2336107466338, 1047.7424154785642, 378.42937066376874, 924.2194727954915, 1207.9073858224795, 730.5826139095811, 915.3347090349935, 997.2198911873732, 824.5782051718177, 87.39786313598346, 872.8405355257088, 870.4337456142426, 967.2492048667687, 763.1636673435104, 611.9497537704187, 371.7431371453736, 952.7204829293615, 273.5584469648051, 970.9673152075595, 799.426992728014, 725.391203906772, 317.1901852006073, 642.2982204393813, 640.4659042885236, 890.7926708373595, 541.5930400618421, 725.2770550844442, 817.2116059253541, 809.636321315068, 842.2674921821963, 341.8576231615496, 354.96649772286406, 759.8169394629052, 600.7324999424253, 1005.5191137533916, 965.3395262579565, 763.1393565508047, 1014.7224397494992, 471.7246131547686, 599.9602148185463, 827.5300877340328, 645.1570900021237, 736.4042840808683, 560.7198239464306, 307.55094925269873, 497.92424626316006, 1118.5111528870225, 715.8478701208492, 1158.5222807872951, 1025.7450102829534, 765.3690596042907, 948.6754100131384, 352.6750597274155, 987.6183190621042, 1123.5307155821474, 1038.2060092476427, 972.3924989068129, 1208.1250222613744, 953.9766537716089, 788.0170785738823, 929.8447856161457, 981.1423298747212, 368.7681078547548, 538.1868378895344, 914.7315997636445, 646.3341166309543, 932.1230819689242, 865.4522352177364, 1011.5355883739218, 1045.1646085459008, 237.0632498115136, 1049.2197210646186, 1022.8800898046438, 1145.954270009522, 251.1309321239741, 108.17503227349695, 994.1049686677841, 862.6696353699347, 793.5586822474921, 533.2800116606998, 487.4375850700437, 509.2211450250628, 529.3030003360076, 1018.0950385271584, 414.90794397872895, 643.1134340258615, 414.45806164083245], [421.26654102361374, 807.3109240730464, 0.0, 147.24218749054225, 517.4735006007554, 222.32511952768627, 695.8343731736742, 416.2955657570712, 256.051645534646, 129.80377263007418, 493.5635510701738, 266.27600201670447, 192.83212258594264, 282.3788272268302, 297.05379804001836, 439.72516965259103, 382.45262638528186, 463.94397209684706, 421.6608566099064, 191.72472983159997, 201.12920094307546, 601.1670270681851, 733.5444487052233, 815.6273438204546, 869.0997533825046, 230.4604468471759, 247.10798032641515, 382.0858051537638, 709.9753402488076, 596.7221128722816, 534.0202107944979, 172.4084796348486, 114.50555600930464, 638.9852442271261, 732.2638819902444, 326.08248993161226, 396.5392898175412, 425.3823910083726, 724.8053770487703, 745.4891009998804, 643.8925358140131, 760.7028784181377, 827.0555852263439, 635.2898056868299, 511.0863645608245, 345.3217934767512, 227.32500409985698, 577.8943997909048, 176.65995657760138, 342.1692194938053, 472.6235090786746, 479.51999725767433, 208.3205609823475, 431.7299907546382, 795.7646278962524, 334.28394863798053, 316.2062534802245, 581.9386124360541, 403.34057565536347, 415.9747611875029, 532.2209559384148, 400.51492766312725, 267.86087781906497, 246.54026150914984, 475.35382922303256, 467.40595988712, 238.88517820283457, 543.0307853869949, 366.5559606567598, 491.54123498746264, 541.3696941621411, 436.46407907638854, 355.1666603553887, 210.55519436242835, 180.40124692473725, 486.1535974370651, 404.0003839020453, 162.28649278667646, 177.10261641206773, 516.6969177663149, 483.3543319563817, 206.6440650635774, 503.26136181492217, 576.5381428942928, 242.54788790875912, 257.9456378406117, 360.06672293062576, 566.8576694038813, 794.6489241260507, 431.3017129678481, 362.30349870930036, 269.63735127203717, 446.34872517797106, 322.12983418646587, 383.9881153538479, 758.7366112394004, 259.77881440371544, 397.4609103622644, 164.23692754676088, 621.7397886970078], [359.28688966479143, 953.3741069392414, 147.24218749054225, 0.0, 608.6785836096092, 359.0826578547062, 795.6269971167393, 373.6869331967603, 161.61017138781833, 224.81965552860365, 607.0831947221072, 120.385133372024, 184.88769076387965, 144.7941329785154, 230.8282548411264, 586.9574130079626, 377.37485602779634, 376.1017224023309, 487.4098613569488, 157.07845278713438, 102.4841542532308, 682.7162672040267, 880.4255206542175, 903.9427538593413, 962.0171910181907, 160.6388579267171, 311.2256735489538, 482.5986385983698, 850.1761552805453, 647.9478746912903, 679.8575813359737, 42.37308529007534, 186.7258998318123, 740.6266938782317, 875.1875578647257, 447.6354927940813, 488.2961470583195, 438.8016906587759, 851.9901800353159, 851.6953440390583, 729.5945518231341, 855.2074686193052, 921.0749189292313, 777.9347472467148, 656.7172641776672, 403.52212561023225, 372.21196552502175, 611.8888451198387, 106.79510215829185, 399.28277589948704, 485.63296748804026, 617.1472195683943, 353.46129698313496, 467.70932917144165, 914.0936451467218, 401.33019187945484, 455.2682335997099, 717.687015839774, 527.890711406253, 361.5168927975565, 632.4637512972581, 309.2163036387312, 202.7121279573573, 338.82892365912323, 512.6604034836316, 609.9251495265628, 193.81646353702772, 529.1547565987254, 340.9157893556706, 483.78019999582455, 489.3390580940887, 427.04957513736036, 402.9485141268051, 167.8610162306901, 78.02289167289302, 623.1188377075435, 519.7327000776457, 118.89558587264708, 313.56118756153484, 564.3674760402214, 546.9762608614747, 80.09849287595866, 510.7810023939907, 721.0191232034001, 103.98082915614778, 188.10801173793737, 247.24493727678225, 710.6059830377169, 937.3162320092882, 444.4501967262474, 417.8115939631163, 317.5854479821139, 558.676982462138, 466.7133251365339, 508.9543745445165, 887.6599078885387, 196.75383208974606, 541.3056641538125, 310.93772864192596, 759.9179850168042], [521.0002554951388, 759.3179783490418, 517.4735006007554, 608.6785836096092, 0.0, 548.1652267017673, 189.91906276622157, 467.8747965652777, 760.9095397253211, 608.426715729183, 118.18168301813952, 680.7606745354788, 445.9447353529359, 659.7474641785294, 513.2655143159337, 462.5943423627228, 887.8424046986041, 608.7281821806839, 852.1531529466989, 708.7462464979974, 564.2043574734247, 92.95999919320138, 672.808399595494, 298.2586649423785, 353.7829159141662, 743.1271343888608, 717.5877208014363, 751.493604446505, 442.2855675662614, 193.40941478728485, 579.1517468720957, 649.8917582751761, 617.345194422861, 139.96848595308876, 496.5056551676149, 225.84027987938728, 782.8559218866521, 916.0855521030774, 334.95792094352686, 253.5733647400886, 127.56793705708345, 246.53353890787358, 312.5084401056874, 427.13498664193975, 420.45385193621433, 801.0414986715733, 390.2139569838578, 251.46257347146116, 532.0444508591364, 799.8591598681608, 308.2564735038665, 294.7806289734792, 489.1990667039339, 900.7137689171849, 345.164120429776, 780.4405249889321, 314.18570486258596, 732.4251475666302, 684.9558255376766, 499.60596521759027, 50.020662650548765, 592.5175805535224, 511.5436298440242, 273.22664043061394, 226.23087898206998, 597.7811066017393, 481.7117506777264, 409.4075687956152, 421.81456058912903, 992.9770065560431, 532.3153007671393, 941.3390176233003, 821.5985332143674, 727.3438811628238, 568.6715932592379, 661.4916129392723, 720.2810271727279, 676.5735180488517, 539.9909230533417, 186.7581334336205, 128.0142591627979, 603.0568604319164, 328.9273731725744, 631.8638154697577, 640.5979133223898, 520.1870184318328, 632.5081694413125, 637.874087018747, 815.5108223161052, 309.7923508174467, 218.32131967583925, 750.9543003146063, 760.4276173338262, 513.004127711464, 671.8155174368928, 374.3845614362976, 508.3209296546819, 548.3607127521082, 471.12896927486855, 360.6978030443213], [626.7391279416022, 603.325391525598, 222.32511952768627, 359.0826578547062, 548.1652267017673, 0.0, 691.2011981333654, 611.5309942709363, 406.5261114614903, 156.7401500701081, 477.1844033515764, 479.0830919506553, 394.62709020035606, 501.3537815485189, 510.29374978045723, 267.06581034082217, 390.0211448549938, 679.105080648054, 304.578907162003, 314.9453434010416, 423.42333687811777, 640.9221512984241, 537.148710862504, 826.994102294575, 868.5149270338018, 366.92009031940455, 202.80645453239407, 208.62004259658278, 583.2107526450536, 685.6735832421721, 331.82229327156426, 371.04466379803927, 196.39814553095968, 634.8702659039877, 590.1230397646091, 322.36036728636475, 237.03085369630682, 394.2669807237224, 647.0362529375074, 722.9514995371472, 672.0693895142077, 762.8544355064339, 826.3603854849831, 499.3883463147793, 361.30333756692585, 263.00573954383594, 157.97464992839824, 691.437768983218, 397.72727512832205, 262.93947533605524, 619.1850109988451, 383.71675353182053, 58.990876760733045, 363.18029854329933, 739.8619594848628, 239.65192794968294, 247.35506707767274, 359.9571861277394, 187.6691327762773, 617.8787768567553, 542.2967062310078, 618.0212972705715, 482.44819556611463, 336.27812566386166, 594.6809263731266, 253.14871234316007, 449.2111134978742, 709.4110231162865, 554.9045453949715, 479.27784638140747, 736.4872826217776, 437.2526945886097, 287.85536233497555, 330.8403117305991, 402.596306685742, 264.5627847789632, 200.5447901741654, 311.60272188798353, 45.65279344136562, 618.2192632754255, 566.0340983103403, 427.26143872926326, 652.5914085761549, 367.15487717991704, 460.73066692374624, 474.40567895842054, 582.0956159128842, 355.12459856365905, 579.4533006002209, 581.912220124307, 475.1912256365851, 239.7463002801086, 244.96977866055235, 121.30252485418427, 168.5774926020672, 673.4125428635324, 474.2454934419514, 188.6211222875105, 91.16454510937898, 509.64053826594284], [698.3522377711695, 752.5016853129938, 695.8343731736742, 795.6269971167393, 189.91906276622157, 691.2011981333654, 0.0, 643.7318848721104, 944.785153063383, 774.7762387586497, 214.27490156572236, 870.472577592195, 635.7862997242078, 849.6568371689832, 701.0509402604064, 539.808433279807, 1054.44338370583, 785.639909106583, 994.1127260693326, 887.4985467464159, 753.979355909696, 150.597371796456, 672.3404974707756, 140.1548168027414, 177.67842338598683, 924.6715357406649, 876.5790316389047, 882.4006836409409, 389.1418388115187, 290.86348610501113, 635.9248998435271, 836.3120601306669, 788.6941552547477, 57.419226135502726, 447.5045531519456, 379.98277385428935, 916.1076271077542, 1075.8362704770648, 231.0261393232593, 70.79661548273336, 106.1284338949746, 72.54754433362994, 135.31547629850033, 412.35933481104803, 465.810111880367, 952.4758728492811, 536.8534253937474, 369.1882758099043, 721.6012553093294, 951.9104698956723, 468.96818437569937, 352.5925660475558, 633.9163140052478, 1052.9670245971618, 185.72521192805488, 930.0583766651425, 444.212187957512, 801.2234654189804, 798.7025371187949, 676.7108543868645, 163.9664345956208, 775.2250849456561, 700.5074943581974, 457.4286958040565, 387.2125846366567, 679.9095519434919, 671.3111312089201, 556.1961948797351, 602.9171286677797, 1156.2580138554715, 690.928050719183, 1106.9937130273142, 975.4535350215305, 906.3756924747042, 758.029038299985, 747.5031404462459, 839.7029270575398, 857.1964702522987, 691.8943991173797, 332.7083354889234, 295.5548077717566, 792.6142333645038, 481.59695334627065, 682.6280428652194, 830.3745009120884, 709.5004088885363, 819.6111987643899, 693.1962732300283, 829.1655113221303, 480.46155211109243, 406.02925744458366, 911.6887954916415, 875.592682181618, 630.1276130570695, 788.7497154516127, 262.22294965084365, 697.5113857572507, 646.3647818747554, 625.6475625685758, 339.8710320415672], [55.35992096273262, 1099.0532836840878, 416.2955657570712, 373.6869331967603, 467.8747965652777, 611.5309942709363, 643.7318848721104, 0.0, 521.7656221044082, 545.0074284429525, 539.1261830517972, 355.791115472267, 223.52639653070057, 311.9321486878196, 145.15209070833254, 726.3109686415316, 750.8080873299114, 141.91247856337378, 835.3900026753971, 530.2139588845242, 273.1949944728124, 496.1731221872059, 1013.9356873659443, 703.8980474337246, 769.5246262637279, 531.4024979711705, 657.6319676916565, 796.1393134175701, 867.5131942762657, 390.71435952900424, 847.6016374465071, 408.606577735846, 521.1320338359561, 603.5145171186854, 912.2000758670888, 461.2545376221246, 812.3874838388391, 810.1774132009606, 795.6671695205288, 713.2334684460692, 545.8735768215934, 678.8330145343846, 735.8294931068542, 822.8386200425998, 748.603255339569, 755.6669248743127, 519.3400085358338, 323.2588872057348, 269.00838657744487, 752.0389345479393, 185.8993877495028, 651.7029920945583, 571.836543432649, 832.4283084566503, 812.7165369673247, 747.4517594948854, 538.5935488780012, 946.1695946250861, 799.0780832841057, 33.93909945770519, 513.3673604359748, 144.92419635795812, 171.36272051120105, 333.73382801568073, 259.9287310821949, 812.1969092461508, 184.1772528082662, 169.63155783962017, 61.02446750279755, 857.4568644835728, 125.57630780768324, 800.7363836875404, 761.123282227656, 541.5474606200272, 296.15969532838193, 851.9329417835655, 809.1436777878204, 491.3546786690852, 572.5057920693903, 319.32981138911845, 348.29351914154245, 308.6993772604668, 190.87159460330915, 899.7793337574496, 322.1353496560103, 186.32265404399973, 217.2487558008101, 896.3279154511478, 1118.4873377525066, 164.16219527040934, 261.8793613708418, 673.740564196635, 853.0604097278223, 670.3907793294893, 780.0736596052964, 835.4452795298738, 176.97176024439608, 741.2886367569653, 525.3110016485472, 774.319932101712], [498.51398622004587, 1007.9980575901901, 256.051645534646, 161.61017138781833, 760.9095397253211, 406.5261114614903, 944.785153063383, 521.7656221044082, 0.0, 249.79598590850094, 747.5893430446959, 183.37815055507568, 346.4527875079085, 230.871901428043, 376.6188265249097, 665.7465065751378, 253.25151689575324, 495.7173234354434, 420.3717829017547, 92.98262359172273, 250.5743374829115, 838.5769568292466, 943.6123345851568, 1058.2358412214217, 1114.6587047101593, 42.3120042068442, 271.7320674856024, 458.4267007723262, 958.4175238640047, 809.126009613929, 738.1314082167213, 119.81360090156716, 210.81720541739472, 888.695062919222, 976.1011833228267, 581.5313611397066, 452.0931716095698, 324.2791922294738, 980.6358994339388, 997.5134432977883, 884.3178541146843, 1006.9543506975081, 1073.17549204037, 880.3512200024545, 749.3852018988632, 338.47880320782275, 473.97479380237087, 773.4394637395288, 265.0629387013583, 333.69810243691825, 646.0313214363836, 731.8597699949082, 423.85866678056726, 371.49619840046813, 1051.4065977117612, 346.50527431772235, 568.8053350110212, 739.841808976081, 536.3351308137478, 504.669575245031, 780.845675132417, 430.9710371939164, 351.6051753558244, 487.9798946555073, 674.2554907718587, 655.5236865079705, 350.21520649166564, 683.6887665501141, 495.938683387372, 348.6967432999626, 628.9380534132197, 294.5020708331267, 326.7151201658717, 80.86347122155965, 230.50626104511784, 651.9340433525465, 514.1921908177915, 99.0820238186524, 366.5932291750627, 725.6368510799392, 706.3434950801204, 213.09528769308818, 670.2601932651304, 770.9847142330384, 205.04823699802932, 336.4486522844162, 353.30064659578534, 757.6238119574913, 975.0895373113641, 605.1185687863165, 577.6615953878187, 258.47992920534466, 544.9766662463633, 526.8464577274863, 519.5360402205029, 1014.2302863257876, 347.1007025777966, 594.6815868756994, 392.98577982542827, 872.8354073707138], [547.1817958092173, 758.9753712451518, 129.80377263007418, 224.81965552860365, 608.426715729183, 156.7401500701081, 774.7762387586497, 545.0074284429525, 249.79598590850094, 0.0, 563.4192975484599, 339.62457159192707, 321.9816147856893, 369.43172233715933, 420.20917264262573, 419.2673573568541, 279.9908257389874, 583.3839275211479, 291.86301269602495, 158.40826713906068, 309.67495869863296, 697.2119085421591, 693.8263302248265, 902.7457893236667, 951.5870153631406, 210.30047122153576, 119.40094688066752, 260.84083075507937, 724.4249570085296, 709.9653715567823, 488.3858303145168, 226.45255275443466, 41.47194835066229, 717.3578968137174, 736.7690711824313, 394.9052673300269, 271.14201629404465, 309.9961700940836, 768.1834241920416, 816.9114883994532, 735.9822795978175, 843.3689127236313, 909.1357398827142, 643.0652066151691, 507.94023488694023, 216.60998423202938, 251.43934681747805, 697.9721671053152, 292.9593196759578, 213.69898319365015, 599.1643247964953, 508.50059083643157, 180.03999608142627, 307.01182746272167, 851.4465027824009, 204.611055737465, 351.83395356474625, 500.9929252404669, 304.9063698531075, 543.1625413980607, 614.8533149727666, 518.0202655070553, 390.50081616432, 350.80967852669056, 595.8731688975432, 407.11164095982326, 364.7702822572037, 672.4190365440411, 496.19804552617904, 384.609972855619, 669.6221921227, 333.1304629916033, 228.6521483148584, 174.80310389120663, 285.5528958301772, 409.1162171437353, 294.9223240956846, 156.0972999253991, 118.33680433829541, 632.7855285301727, 592.9991537346408, 301.84940014020236, 630.4645453725451, 522.1933484802348, 328.72917515791016, 379.0786148861473, 467.05673321878146, 509.35283268575233, 730.2470103084914, 558.2476936074166, 479.12278555919255, 146.72422257418842, 334.06000033676577, 277.4087026825222, 286.3369233612738, 798.3315217291179, 382.6739692140034, 344.9839990043016, 160.45307630893214, 644.2006596767811], [588.56597273118, 641.4743557514174, 493.5635510701738, 607.0831947221072, 118.18168301813952, 477.1844033515764, 214.27490156572236, 539.1261830517972, 747.5893430446959, 563.4192975484599, 0.0, 695.4840619201852, 467.89733845150266, 682.1534812291146, 556.3055294970561, 352.84390250789363, 842.2901247266288, 675.0398395650438, 780.6930802626599, 683.7540819739214, 581.8502938944004, 196.0807242464185, 554.8214843048618, 350.23860315249374, 391.90645982725266, 724.0032471432708, 662.9016485678701, 671.1996420179319, 336.96465948613957, 311.4588161432584, 465.28186673671263, 645.7203131581041, 579.7252961963968, 157.68805692569114, 388.12727510537377, 169.3999599321086, 704.3677849887798, 862.0380130974504, 261.2000152481044, 253.79210252253714, 209.32362371218403, 285.67456933972966, 349.58462231381117, 312.5708859135956, 303.40962617062763, 738.2028115667131, 322.6158973547336, 365.89567226996553, 547.3154641931836, 737.6358217006546, 401.65350022630207, 177.66325918714875, 419.7029583896211, 838.6935367081351, 307.42025891134904, 715.8211742104309, 230.81132480231548, 622.456253991395, 593.3323539745662, 568.1096568128376, 80.73699056194752, 648.6690567261553, 548.4361192746153, 272.08616251841994, 324.27005047336706, 491.0959072167065, 514.0106113535012, 508.2477596520583, 485.92745170652796, 943.0221148594554, 620.1359371878153, 894.4434359874301, 761.2075796108444, 702.7975966521228, 581.1839358318501, 556.7020132350879, 632.1956150591366, 655.8497565281243, 477.718357651242, 295.84656579485596, 230.9355581975197, 616.9799510073241, 426.99688922193565, 517.1759848146469, 656.9445525841584, 554.2680798115656, 675.6964160575369, 524.0991867127824, 697.4883567079023, 393.9362490759133, 277.3383523496165, 698.2625980761105, 669.9730533454311, 422.259550970727, 581.989838394108, 300.4748288129787, 543.6873128481113, 447.6556656102992, 411.87589364394705, 249.59196517916996], [324.64457333520915, 1073.36765693353, 266.27600201670447, 120.385133372024, 680.7606745354788, 479.0830919506553, 870.472577592195, 355.791115472267, 183.37815055507568, 339.62457159192707, 695.4840619201852, 0.0, 235.04215120058785, 47.92900683302337, 214.937173564742, 705.0993527411581, 434.94878596105997, 313.31725979428586, 580.2542285386639, 232.97610553230558, 116.65632071173856, 745.7609649237482, 999.8009866324647, 968.2369267119541, 1029.271517798161, 208.56309160779142, 411.22709584972625, 591.1153595111532, 958.3254431008341, 689.0310957763518, 799.9182540716271, 114.26015622254329, 299.4708611818519, 817.7524465814822, 986.1678687003155, 545.1655166369201, 593.1348290304659, 504.1664489927905, 948.2927055639572, 930.8563032888642, 794.7425591579956, 925.0595272206217, 989.6909386223005, 888.8671435611793, 771.5071137001913, 495.8756195862023, 487.3121710043779, 641.0176765555611, 149.16119518158874, 491.3115647824708, 504.8680273456025, 724.0750605427589, 473.60966115357064, 545.2707086365451, 1002.4884089598048, 497.9278243249719, 564.8377734270257, 836.8540589338144, 644.4193277827723, 333.91631353529283, 710.5862581347883, 249.8199969998399, 196.7473437076089, 423.3980208326439, 548.9665656640667, 730.2911141647556, 210.81490261601527, 523.8299984195411, 342.1795257069014, 532.0739552665589, 453.09635381253065, 477.7398467722783, 490.1393753801056, 234.85289909430543, 114.30624743206295, 742.6824234092254, 633.4269987401864, 204.33483237323975, 433.65335613828705, 605.9378502521608, 601.1015234226246, 78.55049850892102, 524.0714421381974, 841.3611612868757, 40.57338251859221, 182.5771561860903, 170.17444941000986, 830.9882098032439, 1057.660704827257, 466.7331757321308, 473.2464417584141, 410.19202303433445, 670.7696939322766, 587.0042431984627, 625.718934197296, 985.2249688513529, 195.15806653325913, 661.6745796809789, 430.4752388233265, 866.4763797871238], [232.41832662034204, 928.1486437316364, 192.83212258594264, 184.88769076387965, 445.9447353529359, 394.62709020035606, 635.7862997242078, 223.52639653070057, 346.4527875079085, 321.9816147856893, 467.89733845150266, 235.04215120058785, 0.0, 215.22699565110318, 120.64918128607417, 549.7205372086803, 546.1644521808427, 287.77699263492207, 613.2364617991987, 328.77814409415964, 118.38638555594135, 511.29159012152746, 846.9973855740346, 733.7989781505628, 794.4400897908729, 343.23651121639136, 436.4409542103032, 573.093951199103, 755.6437651899273, 464.73869098339554, 663.041037384565, 226.73775667276936, 300.1827801856729, 583.6121200189388, 790.5652328514217, 332.05412053609575, 588.9017025106991, 599.7203035557493, 725.9219251860424, 697.0322428472086, 560.0002153446015, 690.0234921118556, 754.7230396009454, 694.7403315085501, 594.2846982120607, 534.8129267706606, 328.6095834329851, 427.0015881915312, 88.05044261671826, 531.363770682571, 302.51495691823243, 523.0795537095672, 361.25170993782154, 615.6933988683003, 772.7794887304276, 525.4519937977208, 377.7171155679869, 742.1424027536765, 581.9955715544578, 224.9420160174617, 477.06757726447944, 231.89493464066868, 97.6477317964939, 199.27551992153977, 328.1056438648991, 614.2261496427843, 59.49739969107896, 357.26787426223535, 174.76941156850077, 655.2512245299508, 348.80610482101656, 598.4828993287945, 542.0040824062121, 343.3939381089887, 125.78189257997354, 646.3374363674133, 588.9142350886078, 289.8099755909033, 353.34772048649194, 381.0199015642227, 368.8847853327649, 158.25825104872098, 329.30975858393566, 712.1130952461133, 194.72643400422032, 96.3026606693709, 223.02950683934176, 705.9876075973289, 933.3187150463073, 260.94960692440225, 239.84834313790873, 454.8807126643203, 632.4228563492942, 467.9657372158778, 562.7573119453891, 764.0541801361007, 90.14438889914335, 542.2834734315624, 313.39744027831495, 661.5580159260411], [278.48954115370293, 1088.2336107466338, 282.3788272268302, 144.7941329785154, 659.7474641785294, 501.3537815485189, 849.6568371689832, 311.9321486878196, 230.871901428043, 369.43172233715933, 682.1534812291146, 47.92900683302337, 215.22699565110318, 0.0, 174.79409556389487, 715.8880158600226, 481.4838561208465, 265.4011645283419, 620.9132190902365, 275.3094971209674, 101.5690678602496, 720.6506225488187, 1012.6627809607944, 942.6728611605461, 1004.698070775957, 254.43733143742878, 449.022485504902, 625.4820639043137, 956.8347408299983, 656.6109077884406, 815.4833548056023, 150.512155110476, 330.67084316734065, 798.1943897384897, 987.1738572491284, 538.2625388581301, 629.3883655494435, 550.036498965296, 938.3279695058707, 911.7771349323309, 770.2021013896288, 901.8857435072583, 965.7897089859107, 890.0865114107785, 777.2164848753532, 536.4603965587768, 494.9412556101986, 605.3753999632708, 136.92793936958228, 531.9750040227453, 467.6076037147386, 722.4322670673009, 490.6266310118112, 589.4011930637738, 987.8026050819064, 537.2092439831988, 566.3731795644989, 860.943031742519, 672.6241015991027, 288.6716996676328, 692.06866838053, 201.97708302923877, 160.47918516742286, 411.0994619663226, 516.1077021949973, 749.6755447125109, 180.9168492678335, 480.91636152101995, 302.578745011939, 579.5166169015346, 406.12066692328034, 524.947732645832, 532.0743439952729, 278.7366082971521, 109.84502760707917, 765.8828998593714, 664.3399173051398, 244.04628500552917, 455.70238104490966, 574.2300137124582, 573.6652500169415, 76.83272604821462, 485.1527719397365, 858.7766573038649, 40.883477457280975, 147.56571290445487, 122.43723067760067, 849.2253684953129, 1077.0003635214289, 430.6867790691978, 447.7115551390203, 450.3805639867244, 702.9288600206994, 604.4573413674451, 653.6559399600068, 975.9379993574945, 160.36975267487318, 679.8384605919262, 445.6335323918073, 863.9509145460754], [129.5574982469174, 1047.7424154785642, 297.05379804001836, 230.8282548411264, 513.2655143159337, 510.29374978045723, 701.0509402604064, 145.15209070833254, 376.6188265249097, 420.20917264262573, 556.3055294970561, 214.937173564742, 120.64918128607417, 174.79409556389487, 0.0, 669.3724156192873, 608.112611871354, 168.86861937316834, 705.3382803173241, 387.899589482897, 128.9462385104738, 563.6354719284442, 965.9899140639357, 783.0734447152513, 846.7451337599349, 386.75330185145157, 526.7836557382925, 678.5237949622696, 861.5536884218012, 486.79648629418017, 783.5377973352657, 264.1388502284357, 391.52751627567636, 653.2338526515599, 899.5080805691089, 438.24318266688414, 691.1540103573152, 669.3217316253822, 817.4049161847572, 766.7395368176926, 613.921573568644, 747.4718330388376, 809.4166396821171, 804.9543455112284, 710.3445230942517, 623.5202166409682, 449.0291718374208, 432.04466092742075, 130.3649470985203, 619.6323564671231, 293.36294251837603, 632.1156828366148, 480.0915620524901, 695.243578959921, 853.1976197043689, 617.5386636713528, 493.65853892138847, 861.5384084589613, 696.5165846410263, 130.68918710054015, 551.4631664454118, 111.26565963045385, 29.80041509778007, 302.21568676195477, 346.5210649195803, 734.6097475748603, 61.84693707048064, 309.86600170482785, 127.79611873996797, 713.8673362754455, 258.66938349911067, 657.2891209399407, 626.5986789724344, 398.34128685964754, 152.8150342669202, 765.5602919986119, 700.2933234416846, 349.487902693355, 467.49258673266684, 405.98119567119113, 413.5078551914099, 163.54759851492778, 310.35945708679475, 832.7404919529251, 178.9213621482913, 43.031579206438636, 119.83979173880441, 826.6359249415669, 1053.9357617954188, 257.55186215789627, 295.15370448801747, 539.5176600974243, 743.0522784205697, 588.0986916062643, 677.1788071558353, 856.4713910349305, 37.53590794159639, 662.6574619997876, 432.10405002961954, 767.0935173608233], [758.8960930193276, 378.42937066376874, 439.72516965259103, 586.9574130079626, 462.5943423627228, 267.06581034082217, 539.808433279807, 726.3109686415316, 665.7465065751378, 419.2673573568541, 352.84390250789363, 705.0993527411581, 549.7205372086803, 715.8880158600226, 669.3724156192873, 0.0, 648.2964545707465, 830.5270558368343, 512.0083717489393, 576.8518568064075, 621.9503726070112, 548.2540482440598, 298.2470811847955, 679.5321523279159, 704.9847677532686, 628.2013639088982, 463.81292241269006, 385.01096143616485, 325.8680695840112, 645.7093967812145, 124.9965685329002, 609.6365630242333, 455.6298914919872, 491.73899303797333, 325.56531036171907, 284.70632806806384, 420.62700869654105, 639.8640856385051, 424.1667728780862, 548.4589516751549, 560.9275013270432, 611.1181999973818, 665.8891852933865, 240.1260016462398, 102.23100301767555, 501.18153052162654, 223.09792598991143, 681.5427362156315, 589.2236404354462, 502.6718819677504, 662.326429599061, 187.23153956531996, 241.97678783304823, 594.0827051859026, 530.2651438146399, 475.7689001237891, 190.4051110500976, 269.9689983127693, 278.08378918592143, 743.8953805455442, 433.273294272795, 780.249198639127, 647.3238559515631, 393.64216920573944, 606.9697185239145, 140.20422478655922, 609.1889510135587, 768.8726161720004, 665.2865286423587, 726.6357615511364, 840.0517452282389, 691.2950468403487, 529.3626353814558, 593.8403117783432, 607.2448086315766, 207.6950113242974, 324.6661099853202, 567.6443037298974, 300.93885863078566, 604.3185036199122, 539.0304517084354, 639.0716407446039, 694.7549584493873, 179.28622459631416, 678.0032490224512, 644.568090458254, 768.1896777359092, 180.8156509265722, 392.7165178798697, 636.1274298762788, 505.83093393445205, 499.8978545913155, 352.1467712900404, 148.8341844637851, 274.0057830502853, 441.89192686690814, 639.6855829647874, 118.34152589856201, 277.7436973974387, 267.8775615631141], [735.8482639029598, 924.2194727954915, 382.45262638528186, 377.37485602779634, 887.8424046986041, 390.0211448549938, 1054.44338370583, 750.8080873299114, 253.25151689575324, 279.9908257389874, 842.2901247266288, 434.94878596105997, 546.1644521808427, 481.4838561208465, 608.112611871354, 648.2964545707465, 0.0, 743.317437258134, 217.98472187288726, 220.60470374858284, 479.31240147215055, 975.7709517612215, 877.1027561661462, 1182.7205730471633, 1231.4401313463559, 227.3897931966165, 187.23118792017527, 314.24455401645383, 971.1679725255616, 979.1548497710461, 679.0393809802197, 345.6184820419765, 272.2523107156301, 997.0365844305816, 973.8427858622368, 674.4623590957467, 290.4947182617956, 73.53734711695822, 1035.1863303757493, 1095.2048418846632, 1015.4057367338438, 1123.2838114411868, 1188.9802414934784, 886.3576167944912, 747.3564642826072, 164.9156496788585, 524.3131369572958, 958.7385122406891, 482.1453614512951, 161.34331159363256, 845.8955978024948, 772.1509236315139, 436.9505894320318, 135.86040629999601, 1124.0715560625847, 187.8236657399701, 624.0096682047483, 624.3093895441586, 426.3968025032552, 738.7835296972991, 894.8428466054809, 677.2352698213524, 580.0802403642102, 624.9302639831103, 856.2785635305838, 585.2555456456606, 568.6522115775159, 901.9173931711798, 714.8411838401589, 109.63757334965052, 866.2978557809145, 54.0550541670249, 137.68663416976972, 209.8776205887612, 455.3221499740596, 555.889320796865, 386.88711586714805, 259.5859421655958, 372.571527995632, 899.0421949796405, 865.0435142557859, 449.09545266123547, 874.3535994198286, 695.5235890873868, 451.18044653774615, 565.4756105527453, 603.1711091696949, 678.695127621379, 866.8980828590463, 804.104937602052, 744.69951217387, 150.2763869807895, 399.73897643962613, 499.8341014876836, 416.1427022669027, 1062.6648697082016, 574.0336167891214, 545.2066079065805, 432.5662911196387, 899.5971305256592], [87.72936564799728, 1207.9073858224795, 463.94397209684706, 376.1017224023309, 608.7281821806839, 679.105080648054, 785.639909106583, 141.91247856337378, 495.7173234354434, 583.3839275211479, 675.0398395650438, 313.31725979428586, 287.77699263492207, 265.4011645283419, 168.86861937316834, 830.5270558368343, 743.317437258134, 0.0, 862.1431184495993, 528.8194059374144, 276.7621786389896, 637.9762898423421, 1124.6755500571044, 843.9092990435702, 909.7129396992934, 516.1014572678515, 684.3191191206045, 843.5046026815738, 997.8431407594132, 528.6060567732459, 947.4046508192791, 400.10237730485926, 551.8352951470213, 745.1080959679609, 1040.123149712438, 581.935731094938, 854.3856872455203, 809.5803385242258, 933.7520279322611, 855.0973846883231, 687.5796244246917, 820.2980833327846, 876.6521579145802, 948.3218393239766, 863.9755208760257, 778.8080865688287, 613.2584110356743, 457.4830171535223, 290.4393839082434, 774.6689699065014, 324.52680036021684, 775.6149750778411, 648.6330838779347, 843.0283496276979, 953.8259372498322, 775.1133748607361, 648.9282282633419, 1029.851331791633, 865.0611708388026, 109.20103078268079, 653.4417116660063, 66.89549965431156, 196.8183090695578, 448.0329804757681, 401.2166777615308, 901.6814830443177, 230.40308709737374, 280.6154465351764, 189.18679943907293, 843.7895515790653, 160.6151625028285, 788.6126628206016, 779.0116850965717, 535.712014742996, 301.9001501308007, 933.9726452632326, 867.8776684418145, 492.89951026350184, 636.1184042432666, 460.0723881940863, 490.1711994803449, 297.60462732457637, 324.0973110521129, 997.5726679540694, 292.24347111612263, 206.00441786039445, 143.69493315005926, 992.1479719542848, 1218.4758976562032, 305.82322576285804, 398.28420727415244, 693.2392867632359, 910.2874874175741, 755.6819790798244, 845.7107690185812, 973.478726215827, 205.0091639707845, 829.7740886126778, 600.6767978414016, 903.8446207186278], [834.1830512909023, 730.5826139095811, 421.6608566099064, 487.4098613569488, 852.1531529466989, 304.578907162003, 994.1127260693326, 835.3900026753971, 420.3717829017547, 291.86301269602495, 780.6930802626599, 580.2542285386639, 613.2364617991987, 620.9132190902365, 705.3382803173241, 512.0083717489393, 217.98472187288726, 862.1431184495993, 0.0, 347.67579496134044, 585.4208668342803, 944.7006439804094, 693.9268601353099, 1130.8656524027997, 1170.8757727669192, 381.99397277967626, 178.5546291754992, 128.82595156644487, 836.1927010607125, 980.7872845722256, 509.7740599206672, 470.8109900129776, 314.5383620482564, 938.2307494475973, 828.0570784943648, 626.5752205162602, 94.38254510236519, 165.15008292156568, 929.2372318826932, 1022.5769789768444, 976.5679516029594, 1066.1173560162315, 1128.9357521186448, 750.4689096274475, 614.2063065005112, 84.45338132366284, 462.34591678958304, 977.9067519151763, 575.3400126924947, 88.963827941473, 887.575790302124, 670.2374377286008, 363.2972460740654, 97.45049222040902, 1029.1835744635166, 87.97061142222442, 549.9805763561111, 424.01818630454994, 246.59893001592692, 831.7045361581239, 846.8580032266331, 795.4786572372637, 675.5612479153907, 622.3642015219064, 877.3396431302989, 415.71916119539156, 653.0668678979206, 963.9106154581847, 787.7892959846561, 242.2837594887449, 959.1844393243722, 231.74000905540674, 94.10116701189207, 348.5352028274906, 560.2559779716769, 371.16870068743674, 199.7157567394221, 376.8669633915927, 314.36964889919005, 908.4165050297192, 861.3791585416959, 567.3661225919292, 919.5357486302586, 514.6114303948174, 583.462189983207, 662.954296792773, 733.9091010261421, 496.5622293821793, 663.2862205423011, 847.2478795028053, 758.1826998144973, 170.60476636366297, 197.31162646179772, 376.2733498402458, 243.58911743343546, 950.772916847135, 668.0893408055542, 395.883662129419, 383.4668165317568, 778.555809187755], [516.2490276416993, 915.3347090349935, 191.72472983159997, 157.07845278713438, 708.7462464979974, 314.9453434010416, 887.4985467464159, 530.2139588845242, 92.98262359172273, 158.40826713906068, 683.7540819739214, 232.97610553230558, 328.77814409415964, 275.3094971209674, 387.899589482897, 576.8518568064075, 220.60470374858284, 528.8194059374144, 347.67579496134044, 0.0, 259.41666352992826, 791.1929376738648, 851.6324248032423, 1006.9908818078792, 1060.7856910152636, 52.02033265945147, 185.24614244296694, 371.30453367687284, 875.8953960681664, 776.9517068192591, 646.0584890627164, 128.76463733882844, 121.40007496702795, 830.5890895051537, 891.1347264667237, 515.0840748664241, 368.08691068550644, 282.047432743147, 907.1571343966876, 936.4748307571379, 834.7240720741197, 952.407349572356, 1018.7624227778969, 796.2378171624418, 663.160049364405, 263.48922833580883, 393.83210286872253, 749.5669851747008, 261.58299723988176, 258.86353354615244, 630.7821337546269, 653.2232920625229, 335.77146375027166, 315.0473043401578, 983.0821131107823, 267.2578298198203, 491.57947260336255, 647.3449018205057, 444.4278184958724, 518.5851402768884, 723.9375942282595, 462.09415773194974, 359.64171244309244, 436.5318114708251, 647.8932364903959, 562.7652651550201, 348.2487217148112, 682.3778995229377, 494.7927983408813, 328.09812738569536, 646.4048278917865, 271.23430908533675, 257.1702347570574, 19.079203861796664, 235.10133871375552, 559.0358415021348, 423.9215491809777, 39.20864560272395, 276.33761384400793, 694.7578851388517, 667.7326948293007, 231.62653757503693, 658.0672840000558, 678.287232804068, 240.03096912273628, 345.12743473969147, 392.8663449126178, 664.811439466109, 882.1390448374282, 589.0564837093299, 542.1194416915888, 178.64970634176817, 456.33637083734624, 435.80922151097263, 427.36996819383563, 939.4481466225526, 353.5075589573722, 502.5702697185738, 308.5193180742496, 792.4796165870766], [256.83892833057837, 997.2198911873732, 201.12920094307546, 102.4841542532308, 564.2043574734247, 423.42333687811777, 753.979355909696, 273.1949944728124, 250.5743374829115, 309.67495869863296, 581.8502938944004, 116.65632071173856, 118.38638555594135, 101.5690678602496, 128.9462385104738, 621.9503726070112, 479.31240147215055, 276.7621786389896, 585.4208668342803, 259.41666352992826, 0.0, 629.3183637889491, 919.8298555832215, 851.8210716672897, 912.6958266616158, 258.2160850624918, 407.56836266447374, 570.5122319214549, 855.7921855744011, 576.5663162165823, 725.9288506410254, 135.4125261635717, 276.089086211317, 701.490664117492, 886.8361024093588, 436.6936743301877, 579.4919416048854, 541.273689369805, 837.1426185626975, 814.7429193594811, 678.1967248321095, 808.4042965497154, 873.060436863159, 789.8866899058436, 679.341526156027, 502.24836270713723, 399.4271812696277, 532.4827168043016, 35.38115670805581, 498.1531871794057, 399.8675313143592, 621.4682490505851, 405.1160324647742, 569.5305041426666, 888.1842149531262, 498.35181820577327, 466.72878077530214, 782.7228153388658, 603.1295912571361, 259.515932769069, 594.5647670725201, 210.254505932691, 101.87358583067544, 310.21910656985654, 437.42142875378204, 665.0995204704332, 101.51594722505423, 433.123317272779, 245.44075271437708, 584.9213104657754, 387.04382464264944, 528.3465410239761, 503.23500147346675, 269.47345640155356, 25.208376147622058, 686.7792066778086, 600.5959881526016, 221.37942248772805, 378.2293146809222, 493.05570915304287, 485.46982761547605, 41.65340766371943, 422.1752115259848, 771.202284013734, 76.39558694715286, 86.87238595203883, 159.32805576545516, 762.6959796891551, 991.1580165908412, 360.03196238250854, 357.1086062712575, 416.94491266952764, 641.593207735244, 518.3254179615351, 583.8335884111157